"id","state_id:id","code","street","street_type","district","city_id:id"
cep_69316692,"br_rr","69316692","N-4","Rua","Pintolândia","city_139"
cep_69316690,"br_rr","69316690","S-1","Rua","Pintolândia","city_139"
cep_69317004,"br_rr","69317004","S-24","Avenida","Santa Luzia","city_139"
cep_69316645,"br_rr","69316645","Solon Rodrigues Pessoa","Rua","Senador Hélio Campos","city_139"
cep_69316730,"br_rr","69316730","N-10","Rua","Pintolândia","city_139"
cep_69316635,"br_rr","69316635","S-43","Rua","Senador Hélio Campos","city_139"
cep_69309172,"br_rr","69309172","Antônio Marques","Rua","Buritis","city_139"
cep_69316630,"br_rr","69316630","S-42","Rua","Senador Hélio Campos","city_139"
cep_69316598,"br_rr","69316598","S-30","Rua","Senador Hélio Campos","city_139"
cep_69316615,"br_rr","69316615","S-35","Rua","Senador Hélio Campos","city_139"
cep_69316600,"br_rr","69316600","S-31","Rua","Senador Hélio Campos","city_139"
cep_69316625,"br_rr","69316625","S-38","Rua","Senador Hélio Campos","city_139"
cep_69316603,"br_rr","69316603","S-32","Rua","Senador Hélio Campos","city_139"
cep_69316695,"br_rr","69316695","Solon Rodrigues Pessoa","Rua","Pintolândia","city_139"
cep_69316606,"br_rr","69316606","S-33","Rua","Senador Hélio Campos","city_139"
cep_69316620,"br_rr","69316620","S-37","Rua","Senador Hélio Campos","city_139"
cep_69316610,"br_rr","69316610","S-34","Rua","Senador Hélio Campos","city_139"
cep_69316618,"br_rr","69316618","S-36","Rua","Senador Hélio Campos","city_139"
cep_69316627,"br_rr","69316627","S-39","Rua","Senador Hélio Campos","city_139"
cep_69317185,"br_rr","69317185","S-04","Avenida","Alvorada","city_139"
cep_69317188,"br_rr","69317188","07 de Setembro","Rua","Alvorada","city_139"
cep_69317532,"br_rr","69317532","Peixes","Rua","Cidade Satélite","city_139"
cep_69317186,"br_rr","69317186","São Francisco","Avenida","Alvorada","city_139"
cep_69317190,"br_rr","69317190","São José","Avenida","Alvorada","city_139"
cep_69317173,"br_rr","69317173","S-25","Rua","Santa Luzia","city_139"
cep_69317180,"br_rr","69317180","dos Corretores de Imóveis","Avenida","Alvorada","city_139"
cep_69317530,"br_rr","69317530","Cassiopéia","Rua","Cidade Satélite","city_139"
cep_69316640,"br_rr","69316640","S-44","Rua","Senador Hélio Campos","city_139"
cep_69316715,"br_rr","69316715","S-4","Avenida","Pintolândia","city_139"
cep_69316718,"br_rr","69316718","S-6","Rua","Pintolândia","city_139"
cep_69317181,"br_rr","69317181","dos Garimpeiros","Avenida","Alvorada","city_139"
cep_69317184,"br_rr","69317184","Mário Homem de Melo","Avenida","Alvorada","city_139"
cep_69317192,"br_rr","69317192","Antônio Moreira de Moraes","Rua","Alvorada","city_139"
cep_69316720,"br_rr","69316720","N-1","Rua","Pintolândia","city_139"
cep_69316710,"br_rr","69316710","S-5","Rua","Pintolândia","city_139"
cep_69316708,"br_rr","69316708","S-3","Rua","Pintolândia","city_139"
cep_69316705,"br_rr","69316705","S-2","Rua","Pintolândia","city_139"
cep_69316702,"br_rr","69316702","N-8","Rua","Pintolândia","city_139"
cep_69316700,"br_rr","69316700","N-7","Rua","Pintolândia","city_139"
cep_69316698,"br_rr","69316698","N-6","Rua","Pintolândia","city_139"
cep_69316738,"br_rr","69316738","Laura Pinheiro Maia","Rua","Pintolândia","city_139"
cep_69316758,"br_rr","69316758","S-14","Avenida","Pintolândia","city_139"
cep_69316732,"br_rr","69316732","N-13","Rua","Pintolândia","city_139"
cep_69316765,"br_rr","69316765","S-15","Rua","Pintolândia","city_139"
cep_69316750,"br_rr","69316750","S-11","Rua","Pintolândia","city_139"
cep_69317536,"br_rr","69317536","R-09","Rua","Cidade Satélite","city_139"
cep_69316752,"br_rr","69316752","S-12","Rua","Pintolândia","city_139"
cep_69317538,"br_rr","69317538","R-10","Rua","Cidade Satélite","city_139"
cep_69317540,"br_rr","69317540","R-11","Rua","Cidade Satélite","city_139"
cep_69317194,"br_rr","69317194","C-40","Rua","Alvorada","city_139"
cep_69316768,"br_rr","69316768","S-16","Rua","Pintolândia","city_139"
cep_69317542,"br_rr","69317542","R-12","Rua","Cidade Satélite","city_139"
cep_69316740,"br_rr","69316740","Nivaldo da Conceição Gutierrez","Rua","Pintolândia","city_139"
cep_69316760,"br_rr","69316760","S-7","Rua","Pintolândia","city_139"
cep_69316728,"br_rr","69316728","N-9","Rua","Pintolândia","city_139"
cep_69317544,"br_rr","69317544","R-13","Rua","Cidade Satélite","city_139"
cep_69316742,"br_rr","69316742","S-8","Rua","Pintolândia","city_139"
cep_69317546,"br_rr","69317546","R-14","Rua","Cidade Satélite","city_139"
cep_69317548,"br_rr","69317548","R-15","Rua","Cidade Satélite","city_139"
cep_69317522,"br_rr","69317522","Marte","Rua","Cidade Satélite","city_139"
cep_69317550,"br_rr","69317550","R-16","Rua","Cidade Satélite","city_139"
cep_69316755,"br_rr","69316755","S-13","Rua","Pintolândia","city_139"
cep_69316780,"br_rr","69316780","Eufrate","Rua","Pintolândia","city_139"
cep_69316762,"br_rr","69316762","N-17","Avenida","Pintolândia","city_139"
cep_69316800,"br_rr","69316800","Canaã","Travessa","Pintolândia","city_139"
cep_69317534,"br_rr","69317534","R-08","Rua","Cidade Satélite","city_139"
cep_69316798,"br_rr","69316798","Silo","Rua","Pintolândia","city_139"
cep_69316795,"br_rr","69316795","Sião","Rua","Pintolândia","city_139"
cep_69316792,"br_rr","69316792","Noemi","Rua","Pintolândia","city_139"
cep_69316790,"br_rr","69316790","Midiã","Rua","Pintolândia","city_139"
cep_69316788,"br_rr","69316788","Jerusalém","Rua","Pintolândia","city_139"
cep_69316745,"br_rr","69316745","S-9","Rua","Pintolândia","city_139"
cep_69316782,"br_rr","69316782","Jafet","Rua","Pintolândia","city_139"
cep_69316650,"br_rr","69316650","HC-09","Travessa","Senador Hélio Campos","city_139"
cep_69316778,"br_rr","69316778","Carmelo","Rua","Pintolândia","city_139"
cep_69316775,"br_rr","69316775","Calebe","Rua","Pintolândia","city_139"
cep_69316772,"br_rr","69316772","Betel","Rua","Pintolândia","city_139"
cep_69316770,"br_rr","69316770","S-17","Rua","Pintolândia","city_139"
cep_69316725,"br_rr","69316725","Francisco Sales Vieira","Travessa","Pintolândia","city_139"
cep_69316748,"br_rr","69316748","S-10","Rua","Pintolândia","city_139"
cep_69317267,"br_rr","69317267","Maria Martins Vieira","Rua","Alvorada","city_139"
cep_69316735,"br_rr","69316735","N-15","Rua","Pintolândia","city_139"
cep_69316785,"br_rr","69316785","Jericó","Rua","Pintolândia","city_139"
cep_69305250,"br_rr","69305250","Padre Caleri","Rua","São Francisco","city_139"
cep_69305280,"br_rr","69305280","Manoel Dias de Almeida","Rua","Trinta e Um de Março","city_139"
cep_69305284,"br_rr","69305284","Brigadeiro Eduardo Gomes","Avenida","Trinta e Um de Março","city_139"
cep_69305360,"br_rr","69305360","B","Travessa","Trinta e Um de Março","city_139"
cep_69305290,"br_rr","69305290","Major Carlos Mardel","Rua","Trinta e Um de Março","city_139"
cep_69305350,"br_rr","69305350","Eustáquio Júlio de Macedo","Travessa","Trinta e Um de Março","city_139"
cep_69305295,"br_rr","69305295","Alcemir de Souza Mota","Rua","Trinta e Um de Março","city_139"
cep_69305300,"br_rr","69305300","Vitorino Pinto","Rua","Trinta e Um de Março","city_139"
cep_69305310,"br_rr","69305310","Hamid Fraxe","Rua","Trinta e Um de Março","city_139"
cep_69317133,"br_rr","69317133","S-16","Rua","Santa Luzia","city_139"
cep_69305330,"br_rr","69305330","Manoel Barbosa de Araújo","Rua","Trinta e Um de Março","city_139"
cep_69313438,"br_rr","69313438","São Sebastião","Avenida","Cambará","city_139"
cep_69305285,"br_rr","69305285","Domingos Abdala","Rua","Trinta e Um de Março","city_139"
cep_69317050,"br_rr","69317050","Laura Pinheiro Maia","Rua","Santa Luzia","city_139"
cep_69317170,"br_rr","69317170","S-22","Rua","Santa Luzia","city_139"
cep_69317168,"br_rr","69317168","S-21","Rua","Santa Luzia","city_139"
cep_69317166,"br_rr","69317166","S-20","Rua","Santa Luzia","city_139"
cep_69317165,"br_rr","69317165","S-19","Rua","Santa Luzia","city_139"
cep_69317164,"br_rr","69317164","S-18","Rua","Santa Luzia","city_139"
cep_69317107,"br_rr","69317107","S-12","Rua","Santa Luzia","city_139"
cep_69305320,"br_rr","69305320","Nilo Melo","Rua","Trinta e Um de Março","city_139"
cep_69305125,"br_rr","69305125","Aruque","Rua","São Francisco","city_139"
cep_69305470,"br_rr","69305470","Paraíba","Rua","Estados","city_139"
cep_69305460,"br_rr","69305460","Rio Grande do Norte","Rua","Estados","city_139"
cep_69305480,"br_rr","69305480","São Paulo","Avenida","Estados","city_139"
cep_69305455,"br_rr","69305455","Brigadeiro Eduardo Gomes","Avenida","Estados","city_139"
cep_69305450,"br_rr","69305450","Pará","Rua","Estados","city_139"
cep_69305340,"br_rr","69305340","Santos Dumont","Avenida","Trinta e Um de Março","city_139"
cep_69305440,"br_rr","69305440","Edmur Oliva","Rua","Trinta e Um de Março","city_139"
cep_69305430,"br_rr","69305430","Antônio Rangel","Rua","Trinta e Um de Março","city_139"
cep_69305270,"br_rr","69305270","Antônio Augusto Martins","Rua","São Francisco","city_139"
cep_69305410,"br_rr","69305410","Mestre Diogo","Rua","Trinta e Um de Março","city_139"
cep_69305268,"br_rr","69305268","Antonio Augusto Martins","Travessa","São Francisco","city_139"
cep_69305400,"br_rr","69305400","Portugal","Rua","Trinta e Um de Março","city_139"
cep_69305050,"br_rr","69305050","Lobo D'Almada","Rua","São Francisco","city_139"
cep_69305390,"br_rr","69305390","Joaquim Thomé","Rua","Trinta e Um de Março","city_139"
cep_69305380,"br_rr","69305380","Eurico Lima","Rua","Trinta e Um de Março","city_139"
cep_69317334,"br_rr","69317334","General Ataíde Teive","Avenida","Equatorial","city_139"
cep_69317528,"br_rr","69317528","Órion","Rua","Cidade Satélite","city_139"
cep_69305240,"br_rr","69305240","Ismael Filgueiras","Rua","São Francisco","city_139"
cep_69305294,"br_rr","69305294","Capitão Júlio Bezerra","Avenida","Trinta e Um de Março","city_139"
cep_69317110,"br_rr","69317110","S-15","Rua","Santa Luzia","city_139"
cep_69305420,"br_rr","69305420","Gustavo Mesquita","Rua","Trinta e Um de Março","city_139"
cep_69317198,"br_rr","69317198","C-43","Rua","Alvorada","city_139"
cep_69316594,"br_rr","69316594","S-28","Rua","Senador Hélio Campos","city_139"
cep_69317238,"br_rr","69317238","C-52","Rua","Alvorada","city_139"
cep_69317236,"br_rr","69317236","C-51","Rua","Alvorada","city_139"
cep_69317235,"br_rr","69317235","C-50","Rua","Alvorada","city_139"
cep_69317234,"br_rr","69317234","C-49","Rua","Alvorada","city_139"
cep_69317232,"br_rr","69317232","C-48","Rua","Alvorada","city_139"
cep_69317231,"br_rr","69317231","Barnabé Antônio de Lima","Rua","Alvorada","city_139"
cep_69317230,"br_rr","69317230","C-46","Rua","Alvorada","city_139"
cep_69317143,"br_rr","69317143","S-17","Rua","Santa Luzia","city_139"
cep_69317201,"br_rr","69317201","C-44","Rua","Alvorada","city_139"
cep_69317265,"br_rr","69317265","Francisco Sales Vieira","Rua","Alvorada","city_139"
cep_69317196,"br_rr","69317196","C-42","Rua","Alvorada","city_139"
cep_69317195,"br_rr","69317195","C-41","Rua","Alvorada","city_139"
cep_69317172,"br_rr","69317172","S-23","Rua","Santa Luzia","city_139"
cep_69317182,"br_rr","69317182","General Ataíde Teive","Avenida","Alvorada","city_139"
cep_69317000,"br_rr","69317000","dos Garimpeiros","Avenida","Santa Luzia","city_139"
cep_69317176,"br_rr","69317176","S-27","Rua","Santa Luzia","city_139"
cep_69317177,"br_rr","69317177","S-28","Rua","Santa Luzia","city_139"
cep_69317178,"br_rr","69317178","Solon Rodrigues Pessoa","Rua","Santa Luzia","city_139"
cep_69317225,"br_rr","69317225","C-45","Rua","Alvorada","city_139"
cep_69317044,"br_rr","69317044","C-54","Rua","Santa Luzia","city_139"
cep_69317109,"br_rr","69317109","S-13","Rua","Santa Luzia","city_139"
cep_69305370,"br_rr","69305370","Fábio Magalhães","Rua","Trinta e Um de Março","city_139"
cep_69317105,"br_rr","69317105","Nivaldo da Conceição Gutierrez","Rua","Santa Luzia","city_139"
cep_69317103,"br_rr","69317103","N-10","Rua","Santa Luzia","city_139"
cep_69317002,"br_rr","69317002","S-14","Avenida","Santa Luzia","city_139"
cep_69317101,"br_rr","69317101","N-07","Rua","Santa Luzia","city_139"
cep_69317174,"br_rr","69317174","S-26","Rua","Santa Luzia","city_139"
cep_69317048,"br_rr","69317048","Francisco Sales Vieira","Rua","Santa Luzia","city_139"
cep_69317191,"br_rr","69317191","C-38","Rua","Alvorada","city_139"
cep_69317046,"br_rr","69317046","C-55","Rua","Santa Luzia","city_139"
cep_69317102,"br_rr","69317102","N-09","Rua","Santa Luzia","city_139"
cep_69317042,"br_rr","69317042","Expedito de Paula Rodrigues","Rua","Santa Luzia","city_139"
cep_69317041,"br_rr","69317041","Odílio D'oliveira Cruz","Rua","Santa Luzia","city_139"
cep_69317029,"br_rr","69317029","C-51","Rua","Santa Luzia","city_139"
cep_69317028,"br_rr","69317028","C-50","Rua","Santa Luzia","city_139"
cep_69317027,"br_rr","69317027","C-49","Rua","Santa Luzia","city_139"
cep_69317025,"br_rr","69317025","C-48","Rua","Santa Luzia","city_139"
cep_69317024,"br_rr","69317024","Barnabé Antônio de Lima","Rua","Santa Luzia","city_139"
cep_69317023,"br_rr","69317023","São José","Avenida","Santa Luzia","city_139"
cep_69317179,"br_rr","69317179","Francisco Sales Vieira","Travessa","Santa Luzia","city_139"
cep_69317047,"br_rr","69317047","C-56","Rua","Santa Luzia","city_139"
cep_69316136,"br_rr","69316136","Rio Nilo","Rua","Bela Vista","city_139"
cep_69316172,"br_rr","69316172","Rio Mucajaí","Travessa","Bela Vista","city_139"
cep_69316168,"br_rr","69316168","N.C.J.","Rua","Bela Vista","city_139"
cep_69316166,"br_rr","69316166","Estrela do Norte","Rua","Bela Vista","city_139"
cep_69316163,"br_rr","69316163","Brasil","Avenida","Bela Vista","city_139"
cep_69316158,"br_rr","69316158","Três Marias","Rua","Bela Vista","city_139"
cep_69316156,"br_rr","69316156","Rio Madeira","Travessa","Bela Vista","city_139"
cep_69316154,"br_rr","69316154","Constelação","Rua","Bela Vista","city_139"
cep_69316152,"br_rr","69316152","Rio Najá","Rua","Bela Vista","city_139"
cep_69316114,"br_rr","69316114","Rio Negro","Travessa","Bela Vista","city_139"
cep_69316138,"br_rr","69316138","Brilho do Sol","Avenida","Bela Vista","city_139"
cep_69317442,"br_rr","69317442","Centaurus","Rua","Cidade Satélite","city_139"
cep_69316074,"br_rr","69316074","Estrela Cadente","Rua","Raiar do Sol","city_139"
cep_69316132,"br_rr","69316132","Sol Nascente","Avenida","Bela Vista","city_139"
cep_69316188,"br_rr","69316188","NC-G","Rua","Nova Cidade","city_139"
cep_69316126,"br_rr","69316126","Rio Solimões","Rua","Bela Vista","city_139"
cep_69316124,"br_rr","69316124","Rio Amazonas","Rua","Bela Vista","city_139"
cep_69316122,"br_rr","69316122","Rio Araguaia","Rua","Bela Vista","city_139"
cep_69316118,"br_rr","69316118","Rio Guaíba","Rua","Bela Vista","city_139"
cep_69317474,"br_rr","69317474","Sol","Avenida","Cidade Satélite","city_139"
cep_69316149,"br_rr","69316149","Rio Tocantins","Travessa","Bela Vista","city_139"
cep_69317462,"br_rr","69317462","da Terra","Avenida","Cidade Satélite","city_139"
cep_69317466,"br_rr","69317466","Universo","Avenida","Cidade Satélite","city_139"
cep_69317470,"br_rr","69317470","Gêmeos","Avenida","Cidade Satélite","city_139"
cep_69317468,"br_rr","69317468","das Galáxias","Avenida","Cidade Satélite","city_139"
cep_69317464,"br_rr","69317464","Cometa","Avenida","Cidade Satélite","city_139"
cep_69317446,"br_rr","69317446","Pégasus","Rua","Cidade Satélite","city_139"
cep_69316592,"br_rr","69316592","S-27","Rua","Senador Hélio Campos","city_139"
cep_69317340,"br_rr","69317340","Maria Martins Vieira","Rua","Equatorial","city_139"
cep_69317342,"br_rr","69317342","Nossa Senhora Aparecida","Rua","Equatorial","city_139"
cep_69316182,"br_rr","69316182","NC-J","Rua","Nova Cidade","city_139"
cep_69317440,"br_rr","69317440","Taurus","Rua","Cidade Satélite","city_139"
cep_69316128,"br_rr","69316128","Rio São Francisco","Avenida","Bela Vista","city_139"
cep_69317444,"br_rr","69317444","Hércules","Rua","Cidade Satélite","city_139"
cep_69317460,"br_rr","69317460","Vênus","Rua","Cidade Satélite","city_139"
cep_69317448,"br_rr","69317448","Sargitárius","Rua","Cidade Satélite","city_139"
cep_69317450,"br_rr","69317450","Andrômeda","Rua","Cidade Satélite","city_139"
cep_69317452,"br_rr","69317452","Plutão","Rua","Cidade Satélite","city_139"
cep_69317454,"br_rr","69317454","Mercúrio","Rua","Cidade Satélite","city_139"
cep_69317456,"br_rr","69317456","da Lua","Rua","Cidade Satélite","city_139"
cep_69317336,"br_rr","69317336","Francisco Sales Vieira","Rua","Equatorial","city_139"
cep_69316112,"br_rr","69316112","Rio Negro","Rua","Bela Vista","city_139"
cep_69317344,"br_rr","69317344","Z-4","Rua","Equatorial","city_139"
cep_69316186,"br_rr","69316186","NC-H","Rua","Nova Cidade","city_139"
cep_69316206,"br_rr","69316206","NC-C","Rua","Nova Cidade","city_139"
cep_69316072,"br_rr","69316072","Brasil","Avenida","Raiar do Sol","city_139"
cep_69316192,"br_rr","69316192","NC-F","Rua","Nova Cidade","city_139"
cep_69316194,"br_rr","69316194","NC-E","Rua","Nova Cidade","city_139"
cep_69305060,"br_rr","69305060","Tiradentes","Rua","São Francisco","city_139"
cep_69304430,"br_rr","69304430","Cristóvão Coelho","Rua","Mecejana","city_139"
cep_69315282,"br_rr","69315282","DI-S","Rua","Governador Aquilino Mota Duarte (DI)","city_139"
cep_69316196,"br_rr","69316196","NC-D","Rua","Nova Cidade","city_139"
cep_69316116,"br_rr","69316116","Rio Tocantins","Rua","Bela Vista","city_139"
cep_69316202,"br_rr","69316202","NC-O","Rua","Nova Cidade","city_139"
cep_69316232,"br_rr","69316232","NC-13","Rua","Nova Cidade","city_139"
cep_69316218,"br_rr","69316218","NC-K","Rua","Nova Cidade","city_139"
cep_69316216,"br_rr","69316216","NC-L","Rua","Nova Cidade","city_139"
cep_69316226,"br_rr","69316226","NC-14","Rua","Nova Cidade","city_139"
cep_69316214,"br_rr","69316214","NC-A","Rua","Nova Cidade","city_139"
cep_69316204,"br_rr","69316204","NC-N","Rua","Nova Cidade","city_139"
cep_69316224,"br_rr","69316224","NC-Q","Rua","Nova Cidade","city_139"
cep_69316212,"br_rr","69316212","NC-B","Rua","Nova Cidade","city_139"
cep_69316208,"br_rr","69316208","NC-M","Rua","Nova Cidade","city_139"
cep_69316198,"br_rr","69316198","NC-P","Rua","Nova Cidade","city_139"
cep_69316254,"br_rr","69316254","NC-4","Rua","Nova Cidade","city_139"
cep_69316108,"br_rr","69316108","Rio Madeira","Rua","Bela Vista","city_139"
cep_69316106,"br_rr","69316106","Rio Tapajós","Rua","Bela Vista","city_139"
cep_69316104,"br_rr","69316104","Rio Claro","Rua","Bela Vista","city_139"
cep_69316102,"br_rr","69316102","Rio Verde","Rua","Bela Vista","city_139"
cep_69316078,"br_rr","69316078","Estrela D'alva","Travessa","Raiar do Sol","city_139"
cep_69316262,"br_rr","69316262","NC-1","Rua","Nova Cidade","city_139"
cep_69316134,"br_rr","69316134","dos Astros","Rua","Bela Vista","city_139"
cep_69316222,"br_rr","69316222","Parque Igarapé","Avenida","Nova Cidade","city_139"
cep_69316184,"br_rr","69316184","NC-I","Rua","Nova Cidade","city_139"
cep_69316256,"br_rr","69316256","NC-3","Rua","Nova Cidade","city_139"
cep_69316228,"br_rr","69316228","dos Trabalhadores","Rua","Nova Cidade","city_139"
cep_69316252,"br_rr","69316252","NC-5","Rua","Nova Cidade","city_139"
cep_69316248,"br_rr","69316248","NC-6","Rua","Nova Cidade","city_139"
cep_69316246,"br_rr","69316246","NC-7","Rua","Nova Cidade","city_139"
cep_69316244,"br_rr","69316244","NC-8","Rua","Nova Cidade","city_139"
cep_69316242,"br_rr","69316242","NC-9","Rua","Nova Cidade","city_139"
cep_69316238,"br_rr","69316238","NC-10","Rua","Nova Cidade","city_139"
cep_69316236,"br_rr","69316236","NC-11","Rua","Nova Cidade","city_139"
cep_69316234,"br_rr","69316234","NC-12","Rua","Nova Cidade","city_139"
cep_69317478,"br_rr","69317478","Indus","Rua","Cidade Satélite","city_139"
cep_69316596,"br_rr","69316596","S-29","Rua","Senador Hélio Campos","city_139"
cep_69317492,"br_rr","69317492","Capela","Rua","Cidade Satélite","city_139"
cep_69309160,"br_rr","69309160","Armando Nogueira","Rua","Buritis","city_139"
cep_69309109,"br_rr","69309109","Tenente Guimarães","Rua","Liberdade","city_139"
cep_69309105,"br_rr","69309105","Pedro Vasconcelos","Rua","Liberdade","city_139"
cep_69309099,"br_rr","69309099","Nelson Albuquerque","Rua","Liberdade","city_139"
cep_69309095,"br_rr","69309095","Mário do Violão","Rua","Liberdade","city_139"
cep_69309089,"br_rr","69309089","José Pinheiro","Rua","Liberdade","city_139"
cep_69309085,"br_rr","69309085","Jesus Cruz","Rua","Liberdade","city_139"
cep_69309079,"br_rr","69309079","Helena Bezerra de Menezes","Rua","Liberdade","city_139"
cep_69317574,"br_rr","69317574","Vega","Rua","Cidade Satélite","city_139"
cep_69317570,"br_rr","69317570","Urano","Rua","Cidade Satélite","city_139"
cep_69309165,"br_rr","69309165","Raimundo Penafort","Rua","Buritis","city_139"
cep_69317558,"br_rr","69317558","R-20","Rua","Cidade Satélite","city_139"
cep_69317560,"br_rr","69317560","R-21","Rua","Cidade Satélite","city_139"
cep_69317562,"br_rr","69317562","R-22","Rua","Cidade Satélite","city_139"
cep_69317564,"br_rr","69317564","Saturno","Rua","Cidade Satélite","city_139"
cep_69309075,"br_rr","69309075","Guilherme de Brito","Rua","Liberdade","city_139"
cep_69317568,"br_rr","69317568","Unicórnio","Rua","Cidade Satélite","city_139"
cep_69309040,"br_rr","69309040","Mestre Albano","Rua","Liberdade","city_139"
cep_69317472,"br_rr","69317472","J-6","Avenida","Cidade Satélite","city_139"
cep_69317552,"br_rr","69317552","R-17","Rua","Cidade Satélite","city_139"
cep_69317504,"br_rr","69317504","Halley","Rua","Cidade Satélite","city_139"
cep_69317524,"br_rr","69317524","Mimosa","Rua","Cidade Satélite","city_139"
cep_69317556,"br_rr","69317556","R-19","Rua","Cidade Satélite","city_139"
cep_69317520,"br_rr","69317520","Libra","Rua","Cidade Satélite","city_139"
cep_69317518,"br_rr","69317518","Leão","Rua","Cidade Satélite","city_139"
cep_69317516,"br_rr","69317516","Júpiter","Rua","Cidade Satélite","city_139"
cep_69317514,"br_rr","69317514","J-8","Rua","Cidade Satélite","city_139"
cep_69317512,"br_rr","69317512","J-7","Rua","Cidade Satélite","city_139"
cep_69317510,"br_rr","69317510","J","Rua","Cidade Satélite","city_139"
cep_69309163,"br_rr","69309163","A","Travessa","Buritis","city_139"
cep_69317506,"br_rr","69317506","B","Rua","Cidade Satélite","city_139"
cep_69309164,"br_rr","69309164","Mestre Albano","Rua","Buritis","city_139"
cep_69317502,"br_rr","69317502","Fênix","Rua","Cidade Satélite","city_139"
cep_69317500,"br_rr","69317500","Escorpião","Rua","Cidade Satélite","city_139"
cep_69317498,"br_rr","69317498","Cruzeiro do Sul","Rua","Cidade Satélite","city_139"
cep_69317263,"br_rr","69317263","Espedito de Paula Rodrigues","Rua","Alvorada","city_139"
cep_69317526,"br_rr","69317526","Netuno","Rua","Cidade Satélite","city_139"
cep_69309037,"br_rr","69309037","José Aleixo","Travessa","Liberdade","city_139"
cep_69313442,"br_rr","69313442","Betel","Rua","Cambará","city_139"
cep_69309168,"br_rr","69309168","José Aleixo","Rua","Buritis","city_139"
cep_69317576,"br_rr","69317576","Carina","Rua","Cidade Satélite","city_139"
cep_69317508,"br_rr","69317508","RR-205","Rua","Cidade Satélite","city_139"
cep_69317269,"br_rr","69317269","N-01","Rua","Alvorada","city_139"
cep_69317298,"br_rr","69317298","Z-4","Travessa","Alvorada","city_139"
cep_69317296,"br_rr","69317296","dos Macuxis","Travessa","Alvorada","city_139"
cep_69317295,"br_rr","69317295","Canaã","Travessa","Alvorada","city_139"
cep_69317294,"br_rr","69317294","C-46","Travessa","Alvorada","city_139"
cep_69317292,"br_rr","69317292","C-45","Travessa","Alvorada","city_139"
cep_69317290,"br_rr","69317290","Afonso dos Santos Pereira","Rua","Alvorada","city_139"
cep_69317288,"br_rr","69317288","Z-6","Rua","Alvorada","city_139"
cep_69317286,"br_rr","69317286","Francisco Anacleto da Silva","Rua","Alvorada","city_139"
cep_69317572,"br_rr","69317572","Ursa Maior","Rua","Cidade Satélite","city_139"
cep_69317284,"br_rr","69317284","Z-3","Rua","Alvorada","city_139"
cep_69317338,"br_rr","69317338","Luiz Reis Cristo","Rua","Equatorial","city_139"
cep_69317308,"br_rr","69317308","C-57","Rua","Equatorial","city_139"
cep_69317458,"br_rr","69317458","J-5","Rua","Cidade Satélite","city_139"
cep_69317490,"br_rr","69317490","Canopus","Rua","Cidade Satélite","city_139"
cep_69317488,"br_rr","69317488","Canis Maior","Rua","Cidade Satélite","city_139"
cep_69317486,"br_rr","69317486","Cãncer","Rua","Cidade Satélite","city_139"
cep_69317484,"br_rr","69317484","Áries","Rua","Cidade Satélite","city_139"
cep_69317482,"br_rr","69317482","Aquário","Rua","Cidade Satélite","city_139"
cep_69317480,"br_rr","69317480","Atares","Alameda","Cidade Satélite","city_139"
cep_69317285,"br_rr","69317285","Z-4","Rua","Alvorada","city_139"
cep_69317322,"br_rr","69317322","Francisco Anacleto da Silva","Rua","Equatorial","city_139"
cep_69309020,"br_rr","69309020","Princesa Isabel","Avenida","Liberdade","city_139"
cep_69309030,"br_rr","69309030","José Aleixo","Rua","Liberdade","city_139"
cep_69317554,"br_rr","69317554","R-18","Rua","Cidade Satélite","city_139"
cep_69317566,"br_rr","69317566","Sirius","Rua","Cidade Satélite","city_139"
cep_69317304,"br_rr","69317304","C-55","Rua","Equatorial","city_139"
cep_69317332,"br_rr","69317332","Curitiba","Rua","Equatorial","city_139"
cep_69317330,"br_rr","69317330","Foz do Iguaçu","Rua","Equatorial","city_139"
cep_69317328,"br_rr","69317328","Cidade de Cascavel","Rua","Equatorial","city_139"
cep_69317300,"br_rr","69317300","São José","Avenida","Equatorial","city_139"
cep_69317324,"br_rr","69317324","Z-6","Rua","Equatorial","city_139"
cep_69317302,"br_rr","69317302","C-54","Rua","Equatorial","city_139"
cep_69317320,"br_rr","69317320","Santo Antônio","Avenida","Equatorial","city_139"
cep_69317318,"br_rr","69317318","dos Macuxis","Travessa","Equatorial","city_139"
cep_69317316,"br_rr","69317316","C-62","Rua","Equatorial","city_139"
cep_69317314,"br_rr","69317314","C-61","Rua","Equatorial","city_139"
cep_69317312,"br_rr","69317312","C-59","Rua","Equatorial","city_139"
cep_69317310,"br_rr","69317310","Sebastião França de souza","Rua","Equatorial","city_139"
cep_69317496,"br_rr","69317496","Cisne","Rua","Cidade Satélite","city_139"
cep_69317306,"br_rr","69317306","C-56","Rua","Equatorial","city_139"
cep_69317494,"br_rr","69317494","Capricórnio","Rua","Cidade Satélite","city_139"
cep_69317326,"br_rr","69317326","Afonso dos Santos Pereira","Rua","Equatorial","city_139"
cep_69307717,"br_rr","69307717","da Bacabeira","Rua","Caçari","city_139"
cep_69308000,"br_rr","69308000","Eldorado","Avenida","Treze de Setembro","city_139"
cep_69307757,"br_rr","69307757","LC-3","Avenida","Caçari","city_139"
cep_69307755,"br_rr","69307755","da Sirigueleira","Rua","Caçari","city_139"
cep_69307752,"br_rr","69307752","LC-2","Rua","Caçari","city_139"
cep_69307750,"br_rr","69307750","LC-1","Rua","Caçari","city_139"
cep_69307747,"br_rr","69307747","T-16","Rua","Caçari","city_139"
cep_69307745,"br_rr","69307745","T-15","Rua","Caçari","city_139"
cep_69307742,"br_rr","69307742","T-14","Rua","Caçari","city_139"
cep_69307762,"br_rr","69307762","LC-5","Rua","Caçari","city_139"
cep_69307675,"br_rr","69307675","L-1","Rua","Caçari","city_139"
cep_69307765,"br_rr","69307765","LC-6","Rua","Caçari","city_139"
cep_69306393,"br_rr","69306393","Vitor Hugo","Rua","Nossa Senhora Aparecida","city_139"
cep_69307690,"br_rr","69307690","L-4","Rua","Caçari","city_139"
cep_69307695,"br_rr","69307695","B","Rua","Caçari","city_139"
cep_69307700,"br_rr","69307700","Getúlio Vargas","Avenida","Caçari","city_139"
cep_69307705,"br_rr","69307705","do Iate","Rua","Caçari","city_139"
cep_69307738,"br_rr","69307738","do Taperebazeiro","Rua","Caçari","city_139"
cep_69307715,"br_rr","69307715","Rio Juruá","Rua","Caçari","city_139"
cep_69307737,"br_rr","69307737","Rio Tocantins","Rua","Caçari","city_139"
cep_69307740,"br_rr","69307740","T-13","Avenida","Caçari","city_139"
cep_69307560,"br_rr","69307560","da Laranjeira","Rua","Caçari","city_139"
cep_69304405,"br_rr","69304405","Venezuela","Travessa","Mecejana","city_139"
cep_69307685,"br_rr","69307685","L-3","Rua","Caçari","city_139"
cep_69307595,"br_rr","69307595","Arapari","Rua","Caçari","city_139"
cep_69307590,"br_rr","69307590","Abacateiro","Rua","Caçari","city_139"
cep_69307588,"br_rr","69307588","Ville Roy","Travessa","Caçari","city_139"
cep_69307586,"br_rr","69307586","Mamoeiro","Rua","Caçari","city_139"
cep_69307584,"br_rr","69307584","Araçazeiro","Travessa","Caçari","city_139"
cep_69307582,"br_rr","69307582","Projetada-30","Rua","Caçari","city_139"
cep_69307760,"br_rr","69307760","LC-4","Rua","Caçari","city_139"
cep_69307570,"br_rr","69307570","da Mangueira","Rua","Caçari","city_139"
cep_69307727,"br_rr","69307727","Rio Cuiaba","Rua","Caçari","city_139"
cep_69307550,"br_rr","69307550","da Tangerineira","Rua","Caçari","city_139"
cep_69307540,"br_rr","69307540","da Tamarineira","Rua","Caçari","city_139"
cep_69307530,"br_rr","69307530","do Açaizeiro","Rua","Caçari","city_139"
cep_69307520,"br_rr","69307520","Tucumãzeiro","Rua","Caçari","city_139"
cep_69307610,"br_rr","69307610","Itaúba","Rua","Caçari","city_139"
cep_69307735,"br_rr","69307735","Rio Araguaia","Rua","Caçari","city_139"
cep_69307770,"br_rr","69307770","Caçari","Avenida","Caçari","city_139"
cep_69307767,"br_rr","69307767","LC-7","Rua","Caçari","city_139"
cep_69307580,"br_rr","69307580","da Limeira","Rua","Caçari","city_139"
cep_69304455,"br_rr","69304455","do Canário","Rua","Mecejana","city_139"
cep_69304445,"br_rr","69304445","Araribóia","Travessa","Mecejana","city_139"
cep_69304440,"br_rr","69304440","Alferes José Agostinho","Rua","Mecejana","city_139"
cep_69304410,"br_rr","69304410","Manoel Ayres","Rua","Mecejana","city_139"
cep_69304404,"br_rr","69304404","Arariboia","Rua","Mecejana","city_139"
cep_69304403,"br_rr","69304403","Jaranã","Rua","Mecejana","city_139"
cep_69304401,"br_rr","69304401","A","Travessa","Mecejana","city_139"
cep_69304400,"br_rr","69304400","Capitão Francisco Ferreira","Rua","Mecejana","city_139"
cep_69304390,"br_rr","69304390","Joaquim Nabuco","Rua","Mecejana","city_139"
cep_69307722,"br_rr","69307722","do Araçazeiro","Rua","Caçari","city_139"
cep_69305030,"br_rr","69305030","09 de Julho","Rua","São Francisco","city_139"
cep_69304452,"br_rr","69304452","Uirapuru","Rua","Mecejana","city_139"
cep_69304540,"br_rr","69304540","Terêncio Lima","Avenida","Mecejana","city_139"
cep_69306395,"br_rr","69306395","Ana Nery","Rua","Nossa Senhora Aparecida","city_139"
cep_69305020,"br_rr","69305020","Adolfo Brasil","Rua","São Francisco","city_139"
cep_69305005,"br_rr","69305005","Brigadeiro Eduardo Gomes","Avenida","São Francisco","city_139"
cep_69304640,"br_rr","69304640","Vereador Estácio Pereira de Melo","Avenida","Mecejana","city_139"
cep_69304630,"br_rr","69304630","Clementino Gomes","Travessa","Mecejana","city_139"
cep_69304610,"br_rr","69304610","Capitão Francisco Ferreira","Travessa","Mecejana","city_139"
cep_69304600,"br_rr","69304600","Venezuela","Avenida","Mecejana","city_139"
cep_69304380,"br_rr","69304380","Tinoco Valente","Rua","Mecejana","city_139"
cep_69304470,"br_rr","69304470","Rotary","Rua","Mecejana","city_139"
cep_69307615,"br_rr","69307615","Massaranduba","Rua","Caçari","city_139"
cep_69307730,"br_rr","69307730","Rio Madeira","Rua","Caçari","city_139"
cep_69307732,"br_rr","69307732","Rio Solimões","Rua","Caçari","city_139"
cep_69307680,"br_rr","69307680","L-2","Rua","Caçari","city_139"
cep_69307710,"br_rr","69307710","Deusuita Mutran Paracat","Rua","Caçari","city_139"
cep_69304451,"br_rr","69304451","do Pavão","Rua","Mecejana","city_139"
cep_69304477,"br_rr","69304477","do Sanhaçu","Rua","Mecejana","city_139"
cep_69304475,"br_rr","69304475","Bem-te-vi","Rua","Mecejana","city_139"
cep_69304450,"br_rr","69304450","Capitão Felipe Sturn","Rua","Mecejana","city_139"
cep_69304471,"br_rr","69304471","do Sabiá","Rua","Mecejana","city_139"
cep_69304500,"br_rr","69304500","Alalau","Travessa","Mecejana","city_139"
cep_69304468,"br_rr","69304468","da Patativa","Rua","Mecejana","city_139"
cep_69304467,"br_rr","69304467","Elias Pessoa","Rua","Mecejana","city_139"
cep_69304465,"br_rr","69304465","das Andorinhas","Rua","Mecejana","city_139"
cep_69304464,"br_rr","69304464","das Araras","Rua","Mecejana","city_139"
cep_69304462,"br_rr","69304462","da Perdiz","Rua","Mecejana","city_139"
cep_69304460,"br_rr","69304460","Brás de Águiar","Rua","Mecejana","city_139"
cep_69304457,"br_rr","69304457","Japim","Rua","Mecejana","city_139"
cep_69304360,"br_rr","69304360","General Ataíde Teive","Avenida","Mecejana","city_139"
cep_69307725,"br_rr","69307725","Ville Roy","Avenida","Caçari","city_139"
cep_69304472,"br_rr","69304472","Beija-Flor","Rua","Mecejana","city_139"
cep_69308060,"br_rr","69308060","Brigadeiro Oliveira","Rua","Treze de Setembro","city_139"
cep_69307605,"br_rr","69307605","Paricarana","Rua","Caçari","city_139"
cep_69308150,"br_rr","69308150","General Sampaio","Avenida","Treze de Setembro","city_139"
cep_69307775,"br_rr","69307775","da Pitombeira","Avenida","Caçari","city_139"
cep_69308130,"br_rr","69308130","Comandante Essen Pinheiro","Rua","Treze de Setembro","city_139"
cep_69308280,"br_rr","69308280","Olavo Bilac","Rua","Treze de Setembro","city_139"
cep_69308110,"br_rr","69308110","Coronel Monteiro Baena","Rua","Treze de Setembro","city_139"
cep_69308100,"br_rr","69308100","Caracaranã","Rua","Treze de Setembro","city_139"
cep_69308090,"br_rr","69308090","Caracaraí","Avenida","Treze de Setembro","city_139"
cep_69308160,"br_rr","69308160","das Guianas","Avenida","Treze de Setembro","city_139"
cep_69308070,"br_rr","69308070","dos Buritis","Rua","Treze de Setembro","city_139"
cep_69308161,"br_rr","69308161","Beira Rio","Rua","Treze de Setembro","city_139"
cep_69308050,"br_rr","69308050","Brasil","Avenida","Treze de Setembro","city_139"
cep_69308040,"br_rr","69308040","Bem Querer","Rua","Treze de Setembro","city_139"
cep_69308030,"br_rr","69308030","Apiaú","Rua","Treze de Setembro","city_139"
cep_69308020,"br_rr","69308020","Antônio Cabral","Rua","Treze de Setembro","city_139"
cep_69308010,"br_rr","69308010","Acaraí","Rua","Treze de Setembro","city_139"
cep_69308005,"br_rr","69308005","13 de Setembro","Rua","Treze de Setembro","city_139"
cep_69307490,"br_rr","69307490","do Buritizeiro","Rua","Caçari","city_139"
cep_69308140,"br_rr","69308140","Cotingo","Rua","Treze de Setembro","city_139"
cep_69308080,"br_rr","69308080","Chagas Peixoto","Rua","Treze de Setembro","city_139"
cep_69306695,"br_rr","69306695","Benjamin Constant","Avenida","São Pedro","city_139"
cep_69308120,"br_rr","69308120","Cícero Vieira","Rua","Treze de Setembro","city_139"
cep_69306640,"br_rr","69306640","José Raimundo Silva","Rua","São Pedro","city_139"
cep_69306595,"br_rr","69306595","Ville Roy","Avenida","Canarinho","city_139"
cep_69306685,"br_rr","69306685","Presidente Juscelino Kubitschek","Avenida","São Pedro","city_139"
cep_69308250,"br_rr","69308250","Maracá","Rua","Treze de Setembro","city_139"
cep_69306680,"br_rr","69306680","Santos Dumont","Avenida","São Pedro","city_139"
cep_69306675,"br_rr","69306675","Santos Dumont","Alameda","São Pedro","city_139"
cep_69308240,"br_rr","69308240","Macunaíma","Rua","Treze de Setembro","city_139"
cep_69308155,"br_rr","69308155","Central","Rua","Treze de Setembro","city_139"
cep_69306665,"br_rr","69306665","Ville Roy","Avenida","São Pedro","city_139"
cep_69309012,"br_rr","69309012","David Ramalho","Rua","Liberdade","city_139"
cep_69312620,"br_rr","69312620","V","Rua","Centenário","city_139"
cep_69315328,"br_rr","69315328","DI-11","Rua","Governador Aquilino Mota Duarte (DI)","city_139"
cep_69308230,"br_rr","69308230","Madre Silvestre","Rua","Treze de Setembro","city_139"
cep_69308220,"br_rr","69308220","Madre Rosa","Rua","Treze de Setembro","city_139"
cep_69308200,"br_rr","69308200","Jurinéia","Rua","Treze de Setembro","city_139"
cep_69308190,"br_rr","69308190","Jósimo dos Santos","Rua","Treze de Setembro","city_139"
cep_69308180,"br_rr","69308180","Joaquim Ferreira Lima","Rua","Treze de Setembro","city_139"
cep_69308170,"br_rr","69308170","Gustavo Mesquita","Rua","Treze de Setembro","city_139"
cep_69306670,"br_rr","69306670","Presidente Costa e Silva","Rua","São Pedro","city_139"
cep_69307660,"br_rr","69307660","L-A","Rua","Caçari","city_139"
cep_69308360,"br_rr","69308360","Rio Branco","Rua","Treze de Setembro","city_139"
cep_69308370,"br_rr","69308370","Santa Maria","Rua","Treze de Setembro","city_139"
cep_69308375,"br_rr","69308375","Uaicá","Rua","Treze de Setembro","city_139"
cep_69308380,"br_rr","69308380","Santa Rosa","Rua","Treze de Setembro","city_139"
cep_69308390,"br_rr","69308390","São Martinho","Rua","Treze de Setembro","city_139"
cep_69308270,"br_rr","69308270","Mundico Thomas","Rua","Treze de Setembro","city_139"
cep_69308330,"br_rr","69308330","Raul Pereira","Rua","Treze de Setembro","city_139"
cep_69307600,"br_rr","69307600","José Celestino da Luz","Rua","Caçari","city_139"
cep_69308400,"br_rr","69308400","Salustino Liberato","Rua","Treze de Setembro","city_139"
cep_69307665,"br_rr","69307665","L-B","Rua","Caçari","city_139"
cep_69308420,"br_rr","69308420","dos Tangarás","Rua","Treze de Setembro","city_139"
cep_69307655,"br_rr","69307655","T-7","Avenida","Caçari","city_139"
cep_69307650,"br_rr","69307650","T-D","Rua","Caçari","city_139"
cep_69307645,"br_rr","69307645","T3-A","Rua","Caçari","city_139"
cep_69307640,"br_rr","69307640","do Taperebazeiro","Avenida","Caçari","city_139"
cep_69307635,"br_rr","69307635","TP-4","Rua","Caçari","city_139"
cep_69307630,"br_rr","69307630","TP-3","Rua","Caçari","city_139"
cep_69307625,"br_rr","69307625","TP-2","Rua","Caçari","city_139"
cep_69307620,"br_rr","69307620","TP-1","Rua","Caçari","city_139"
cep_69307670,"br_rr","69307670","L-C","Rua","Caçari","city_139"
cep_69308440,"br_rr","69308440","Tepequem","Rua","Treze de Setembro","city_139"
cep_69304560,"br_rr","69304560","Glaicon de Paiva","Avenida","Mecejana","city_139"
cep_69309010,"br_rr","69309010","Mário Homem de Melo","Avenida","Liberdade","city_139"
cep_69309007,"br_rr","69309007","Carlos Natrodt","Rua","Liberdade","city_139"
cep_69309005,"br_rr","69309005","Venezuela","Avenida","Liberdade","city_139"
cep_69309004,"br_rr","69309004","Jandyra Lago","Rua","Liberdade","city_139"
cep_69309002,"br_rr","69309002","Professor Macêdo","Rua","Liberdade","city_139"
cep_69309000,"br_rr","69309000","General Ataíde Teive","Avenida","Liberdade","city_139"
cep_69308470,"br_rr","69308470","Uiramutã","Rua","Treze de Setembro","city_139"
cep_69308410,"br_rr","69308410","Suapi","Rua","Treze de Setembro","city_139"
cep_69308450,"br_rr","69308450","Uailã","Rua","Treze de Setembro","city_139"
cep_69308340,"br_rr","69308340","Rogério Mota","Avenida","Treze de Setembro","city_139"
cep_69308430,"br_rr","69308430","Tenente Batista","Rua","Treze de Setembro","city_139"
cep_69308260,"br_rr","69308260","Monte Castelo","Avenida","Treze de Setembro","city_139"
cep_69308350,"br_rr","69308350","Ribeiro Campos","Rua","Treze de Setembro","city_139"
cep_69307772,"br_rr","69307772","da Gravioleira","Rua","Caçari","city_139"
cep_69308290,"br_rr","69308290","Padre Agostinho","Rua","Treze de Setembro","city_139"
cep_69308300,"br_rr","69308300","Pedra Pintada","Rua","Treze de Setembro","city_139"
cep_69308310,"br_rr","69308310","Pedro Álvares Cabral","Rua","Treze de Setembro","city_139"
cep_69308320,"br_rr","69308320","Quelçoene","Rua","Treze de Setembro","city_139"
cep_69309014,"br_rr","69309014","Edson Castro","Rua","Liberdade","city_139"
cep_69308460,"br_rr","69308460","Uassari","Rua","Treze de Setembro","city_139"
cep_69306375,"br_rr","69306375","Wai-Wai","Rua","Nossa Senhora Aparecida","city_139"
cep_69304590,"br_rr","69304590","Amajari","Travessa","Mecejana","city_139"
cep_69305520,"br_rr","69305520","Amapá","Rua","Estados","city_139"
cep_69305510,"br_rr","69305510","Acre","Rua","Estados","city_139"
cep_69305025,"br_rr","69305025","Capitão Júlio Bezerra","Avenida","São Francisco","city_139"
cep_69305640,"br_rr","69305640","Brasília","Rua","Estados","city_139"
cep_69306330,"br_rr","69306330","Álvaro Maia","Rua","Nossa Senhora Aparecida","city_139"
cep_69306391,"br_rr","69306391","Projetada - 01","Rua","Nossa Senhora Aparecida","city_139"
cep_69306390,"br_rr","69306390","Artur Vigílio","Rua","Nossa Senhora Aparecida","city_139"
cep_69305540,"br_rr","69305540","Pernambuco","Rua","Estados","city_139"
cep_69306376,"br_rr","69306376","Mirandinha","Travessa","Nossa Senhora Aparecida","city_139"
cep_69305550,"br_rr","69305550","Goiás","Rua","Estados","city_139"
cep_69306374,"br_rr","69306374","Neturno","Alameda","Nossa Senhora Aparecida","city_139"
cep_69306373,"br_rr","69306373","Júpiter","Alameda","Nossa Senhora Aparecida","city_139"
cep_69306372,"br_rr","69306372","Beta","Alameda","Nossa Senhora Aparecida","city_139"
cep_69306371,"br_rr","69306371","Platão","Alameda","Nossa Senhora Aparecida","city_139"
cep_69306370,"br_rr","69306370","Ricardo Franco","Rua","Nossa Senhora Aparecida","city_139"
cep_69306357,"br_rr","69306357","dos Beneditinos","Travessa","Nossa Senhora Aparecida","city_139"
cep_69306355,"br_rr","69306355","Pedro Teixeira","Rua","Nossa Senhora Aparecida","city_139"
cep_69306353,"br_rr","69306353","João Evangelista","Rua","Nossa Senhora Aparecida","city_139"
cep_69306380,"br_rr","69306380","dos Beneditinos","Rua","Nossa Senhora Aparecida","city_139"
cep_69305630,"br_rr","69305630","Maranhão","Rua","Estados","city_139"
cep_69306168,"br_rr","69306168","João XXIII","Travessa","Nossa Senhora Aparecida","city_139"
cep_69306165,"br_rr","69306165","Santos Dumont","Avenida","Nossa Senhora Aparecida","city_139"
cep_69306160,"br_rr","69306160","João XXIII","Rua","Nossa Senhora Aparecida","city_139"
cep_69306025,"br_rr","69306025","Capitão Júlio Bezerra","Avenida","Nossa Senhora Aparecida","city_139"
cep_69306010,"br_rr","69306010","Minas Gerais","Avenida","Nossa Senhora Aparecida","city_139"
cep_69306005,"br_rr","69306005","Brigadeiro Eduardo Gomes","Avenida","Nossa Senhora Aparecida","city_139"
cep_69305670,"br_rr","69305670","Amazonas","Avenida","Estados","city_139"
cep_69305660,"br_rr","69305660","Minas Gerais","Avenida","Estados","city_139"
cep_69305530,"br_rr","69305530","Rio Grande do Sul","Avenida","Estados","city_139"
cep_69305490,"br_rr","69305490","Rio de Janeiro","Avenida","Estados","city_139"
cep_69305485,"br_rr","69305485","SP-JR","Travessa","Estados","city_139"
cep_69306220,"br_rr","69306220","Dona Clô","Rua","Nossa Senhora Aparecida","city_139"
cep_69305610,"br_rr","69305610","Sergipe","Rua","Estados","city_139"
cep_69305600,"br_rr","69305600","Espírito Santo","Rua","Estados","city_139"
cep_69305590,"br_rr","69305590","Mato Grosso","Rua","Estados","city_139"
cep_69305580,"br_rr","69305580","Santa Catarina","Rua","Estados","city_139"
cep_69305570,"br_rr","69305570","Paraná","Rua","Estados","city_139"
cep_69305560,"br_rr","69305560","Alagoas","Rua","Estados","city_139"
cep_69305555,"br_rr","69305555","Capitão Ene Garcez","Avenida","Estados","city_139"
cep_69305650,"br_rr","69305650","Piauí","Rua","Estados","city_139"
cep_69305110,"br_rr","69305110","Nilo Colares","Rua","São Francisco","city_139"
cep_69305170,"br_rr","69305170","Professor Agnelo Bitencourt","Rua","São Francisco","city_139"
cep_69305160,"br_rr","69305160","Gaúcho Dias","Rua","São Francisco","city_139"
cep_69305150,"br_rr","69305150","Valério Magalhães","Rua","São Francisco","city_139"
cep_69305140,"br_rr","69305140","Eduardo Ribeiro","Rua","São Francisco","city_139"
cep_69305135,"br_rr","69305135","Capitão Ene Garcêz","Avenida","São Francisco","city_139"
cep_69305130,"br_rr","69305130","General Penha Brasil","Rua","São Francisco","city_139"
cep_69305500,"br_rr","69305500","Rondônia","Rua","Estados","city_139"
cep_69305120,"br_rr","69305120","Capitão Franco de Carvalho","Rua","São Francisco","city_139"
cep_69306200,"br_rr","69306200","Jec","Vila","Nossa Senhora Aparecida","city_139"
cep_69305112,"br_rr","69305112","Nilo Colares","Travessa","São Francisco","city_139"
cep_69305200,"br_rr","69305200","Forte São Joaquim","Avenida","São Francisco","city_139"
cep_69305105,"br_rr","69305105","Santo Dumont","Avenida","São Francisco","city_139"
cep_69305100,"br_rr","69305100","Major Manoel Correia","Rua","São Francisco","city_139"
cep_69305097,"br_rr","69305097","Rocha Leal","Rua","São Francisco","city_139"
cep_69305095,"br_rr","69305095","Governador Aquilino Mota Duarte","Rua","São Francisco","city_139"
cep_69305093,"br_rr","69305093","Chico Lira","Rua","São Francisco","city_139"
cep_69305090,"br_rr","69305090","Doutor Arnaldo Brandão","Travessa","São Francisco","city_139"
cep_69305085,"br_rr","69305085","Major Williams","Avenida","São Francisco","city_139"
cep_69305080,"br_rr","69305080","Doutor Arnaldo Brandão","Rua","São Francisco","city_139"
cep_69305260,"br_rr","69305260","Alferes Paulo Saldanha","Rua","São Francisco","city_139"
cep_69306300,"br_rr","69306300","Aruaque","Rua","Nossa Senhora Aparecida","city_139"
cep_69306190,"br_rr","69306190","Miss Loyd","Rua","Nossa Senhora Aparecida","city_139"
cep_69306230,"br_rr","69306230","Madre Radgund","Rua","Nossa Senhora Aparecida","city_139"
cep_69306240,"br_rr","69306240","Paraviana","Rua","Nossa Senhora Aparecida","city_139"
cep_69306250,"br_rr","69306250","Lírio do Vale","Rua","Nossa Senhora Aparecida","city_139"
cep_69306260,"br_rr","69306260","Joaquim Pinto S. Maior","Rua","Nossa Senhora Aparecida","city_139"
cep_69306350,"br_rr","69306350","Presidente Dutra","Avenida","Nossa Senhora Aparecida","city_139"
cep_69306275,"br_rr","69306275","José Bonifácio","Rua","Nossa Senhora Aparecida","city_139"
cep_69306340,"br_rr","69306340","Tenente Cícero","Rua","Nossa Senhora Aparecida","city_139"
cep_69305180,"br_rr","69305180","João Paulo I","Rua","São Francisco","city_139"
cep_69306295,"br_rr","69306295","Presidente Juscelino Kubitschek","Avenida","Nossa Senhora Aparecida","city_139"
cep_69305190,"br_rr","69305190","Homero Cruz","Rua","São Francisco","city_139"
cep_69306310,"br_rr","69306310","Macuxi","Rua","Nossa Senhora Aparecida","city_139"
cep_69306320,"br_rr","69306320","Xiriana","Rua","Nossa Senhora Aparecida","city_139"
cep_69306210,"br_rr","69306210","Abraim Xaud","Rua","Nossa Senhora Aparecida","city_139"
cep_69306270,"br_rr","69306270","Lourival Soares da Silva","Rua","Nossa Senhora Aparecida","city_139"
cep_69305115,"br_rr","69305115","Presidente Costa e Silva","Rua","São Francisco","city_139"
cep_69305230,"br_rr","69305230","Victor Mota","Rua","São Francisco","city_139"
cep_69305220,"br_rr","69305220","Domingos Braga","Rua","São Francisco","city_139"
cep_69305210,"br_rr","69305210","Paulo Pereira","Rua","São Francisco","city_139"
cep_69306280,"br_rr","69306280","Uapixana","Rua","Nossa Senhora Aparecida","city_139"
cep_69306290,"br_rr","69306290","Angaricó","Rua","Nossa Senhora Aparecida","city_139"
cep_69303490,"br_rr","69303490","Terêncio Lima","Avenida","São Vicente","city_139"
cep_69304030,"br_rr","69304030","Adolfo Ducke","Rua","Mecejana","city_139"
cep_69304020,"br_rr","69304020","Inocêncio Garcia","Rua","Mecejana","city_139"
cep_69304015,"br_rr","69304015","Brigadeiro Eduardo Gomes","Avenida","Mecejana","city_139"
cep_69304010,"br_rr","69304010","Dom Pedro I","Rua","Mecejana","city_139"
cep_69304005,"br_rr","69304005","Ville Roy","Avenida","São Francisco","city_139"
cep_69304002,"br_rr","69304002","Anísio Paulo de Lucena","Alameda","Mecejana","city_139"
cep_69304000,"br_rr","69304000","Capitão Ene Garcez","Avenida","Mecejana","city_139"
cep_69303495,"br_rr","69303495","Venezuela","Avenida","São Vicente","city_139"
cep_69303467,"br_rr","69303467","Benjamin Constant","Avenida","São Vicente","city_139"
cep_69303492,"br_rr","69303492","X-12","Rua","São Vicente","city_139"
cep_69304490,"br_rr","69304490","Lourenço Belforte","Rua","Mecejana","city_139"
cep_69303487,"br_rr","69303487","Tacutú","Travessa","São Vicente","city_139"
cep_69304370,"br_rr","69304370","José Coelho","Rua","Mecejana","city_139"
cep_69303483,"br_rr","69303483","Gustavo Mesquita","Rua","São Vicente","city_139"
cep_69304040,"br_rr","69304040","Pedro Rodrigues","Rua","Mecejana","city_139"
cep_69303480,"br_rr","69303480","Bento Brasil","Avenida","São Vicente","city_139"
cep_69303475,"br_rr","69303475","Sebastião Diniz","Avenida","São Vicente","city_139"
cep_69303472,"br_rr","69303472","Getúlio Vargas","Avenida","São Vicente","city_139"
cep_69306170,"br_rr","69306170","Domingos Abdala","Rua","Nossa Senhora Aparecida","city_139"
cep_69303493,"br_rr","69303493","Jósimo dos Santos","Rua","São Vicente","city_139"
cep_69304520,"br_rr","69304520","Jacamin","Rua","Mecejana","city_139"
cep_69305070,"br_rr","69305070","Dom José Nepote","Rua","São Francisco","city_139"
cep_69304555,"br_rr","69304555","Surumu","Avenida","Mecejana","city_139"
cep_69304552,"br_rr","69304552","Souza Júnior","Rua","Mecejana","city_139"
cep_69304547,"br_rr","69304547","Sebastião Barros","Rua","Mecejana","city_139"
cep_69304480,"br_rr","69304480","Severino Mineiro","Rua","Mecejana","city_139"
cep_69304525,"br_rr","69304525","João Antony","Travessa","Mecejana","city_139"
cep_69304350,"br_rr","69304350","Mário Homem de Melo","Avenida","Mecejana","city_139"
cep_69304512,"br_rr","69304512","Xavier de Andrade","Travessa","Mecejana","city_139"
cep_69303482,"br_rr","69303482","David Cruz","Rua","São Vicente","city_139"
cep_69304517,"br_rr","69304517","H-1","Rua","Mecejana","city_139"
cep_69304521,"br_rr","69304521","H-2","Rua","Mecejana","city_139"
cep_69304545,"br_rr","69304545","Martiniano Rodrigues","Travessa","Mecejana","city_139"
cep_69304522,"br_rr","69304522","Hamilton Rice","Travessa","Mecejana","city_139"
cep_69304542,"br_rr","69304542","Nicolau Hostmon","Travessa","Mecejana","city_139"
cep_69304527,"br_rr","69304527","Joaquim Nabuco","Travessa","Mecejana","city_139"
cep_69304530,"br_rr","69304530","Cotingo","Travessa","Mecejana","city_139"
cep_69304533,"br_rr","69304533","Major Quadros","Travessa","Mecejana","city_139"
cep_69304535,"br_rr","69304535","José de Alencar","Rua","Mecejana","city_139"
cep_69304537,"br_rr","69304537","Manoel Aires","Travessa","Mecejana","city_139"
cep_69303465,"br_rr","69303465","Nossa Senhora da Consolata","Avenida","São Vicente","city_139"
cep_69304515,"br_rr","69304515","Forte São Joaquim","Avenida","Mecejana","city_139"
cep_69304110,"br_rr","69304110","Amélio Lago","Rua","Mecejana","city_139"
cep_69304031,"br_rr","69304031","Macejana","Rua","Mecejana","city_139"
cep_69304100,"br_rr","69304100","Vila Gran Caprita","Rua","Mecejana","city_139"
cep_69305040,"br_rr","69305040","Souza Júnior","Rua","São Francisco","city_139"
cep_69304050,"br_rr","69304050","Nova Esperança","Rua","Mecejana","city_139"
cep_69304060,"br_rr","69304060","Vasco da Gama","Rua","Mecejana","city_139"
cep_69304063,"br_rr","69304063","Tiradentes","Travessa","São Francisco","city_139"
cep_69304070,"br_rr","69304070","Juaperi","Rua","Mecejana","city_139"
cep_69304180,"br_rr","69304180","Dalicio Faria","Rua","Mecejana","city_139"
cep_69303470,"br_rr","69303470","Caio Vasconcelos","Rua","São Vicente","city_139"
cep_69304170,"br_rr","69304170","Quintino Level Lima","Rua","Mecejana","city_139"
cep_69304210,"br_rr","69304210","Irineu Lucena","Rua","Mecejana","city_139"
cep_69304121,"br_rr","69304121","Tiririca","Via de Acesso","Mecejana","city_139"
cep_69304130,"br_rr","69304130","Rodrigo Farias","Rua","Mecejana","city_139"
cep_69304140,"br_rr","69304140","Romeu Magalhães","Rua","Mecejana","city_139"
cep_69304150,"br_rr","69304150","Luís Laranjeiras","Rua","Mecejana","city_139"
cep_69304032,"br_rr","69304032","Oswaldo Cruz","Rua","Mecejana","city_139"
cep_69304080,"br_rr","69304080","Carlos Gomes","Rua","Mecejana","city_139"
cep_69305620,"br_rr","69305620","Bahia","Rua","Estados","city_139"
cep_69304580,"br_rr","69304580","Rouxinol","Rua","Mecejana","city_139"
cep_69304090,"br_rr","69304090","Anauá","Travessa","Mecejana","city_139"
cep_69304335,"br_rr","69304335","João Barbosa","Rua","Mecejana","city_139"
cep_69303463,"br_rr","69303463","Amajari","Rua","São Vicente","city_139"
cep_69303462,"br_rr","69303462","Tacutu","Rua","São Vicente","city_139"
cep_69303460,"br_rr","69303460","Presidente Castelo Branco","Avenida","São Vicente","city_139"
cep_69303457,"br_rr","69303457","Parimé","Rua","São Vicente","city_139"
cep_69303455,"br_rr","69303455","Surumu","Avenida","São Vicente","city_139"
cep_69303453,"br_rr","69303453","Uraricoera","Rua","São Vicente","city_139"
cep_69303452,"br_rr","69303452","Araraquara","Rua","São Vicente","city_139"
cep_69303485,"br_rr","69303485","das Guianas","Avenida","São Vicente","city_139"
cep_69304190,"br_rr","69304190","Xandico Lima","Rua","Mecejana","city_139"
cep_69304340,"br_rr","69304340","Nicolau Hostman","Rua","Mecejana","city_139"
cep_69304200,"br_rr","69304200","João Antony","Rua","Mecejana","city_139"
cep_69304330,"br_rr","69304330","Xavier de Andrade","Rua","Mecejana","city_139"
cep_69304320,"br_rr","69304320","Hamilton Rice","Rua","Mecejana","city_139"
cep_69304310,"br_rr","69304310","Major Quadros","Rua","Mecejana","city_139"
cep_69304300,"br_rr","69304300","Manoel Costa Gomes","Rua","Mecejana","city_139"
cep_69304290,"br_rr","69304290","Lafaiete Pinheiro","Rua","Mecejana","city_139"
cep_69304280,"br_rr","69304280","Epitácio Pessoa","Rua","Mecejana","city_139"
cep_69304260,"br_rr","69304260","Raul Cunha","Rua","Mecejana","city_139"
cep_69304220,"br_rr","69304220","Rui Barbosa","Rua","Mecejana","city_139"
cep_69306180,"br_rr","69306180","Leopoldo Peres","Rua","Nossa Senhora Aparecida","city_139"
cep_69304160,"br_rr","69304160","Paulo VI","Rua","Mecejana","city_139"
cep_69310088,"br_rr","69310088","2 de Julho","Rua","Aeroporto","city_139"
cep_69310013,"br_rr","69310013","SD-01","Alameda","Aeroporto","city_139"
cep_69309580,"br_rr","69309580","das Orquídeas","Alameda","Pricumã","city_139"
cep_69309575,"br_rr","69309575","Brasil","Avenida","Pricumã","city_139"
cep_69310103,"br_rr","69310103","Mauro Pereira de Melo","Rua","Aeroporto","city_139"
cep_69309680,"br_rr","69309680","dos Trevos-de-quatro-folhas","Rua","Pricumã","city_139"
cep_69310060,"br_rr","69310060","Detson Mendes","Rua","Aeroporto","city_139"
cep_69312208,"br_rr","69312208","Vovó Júlia","Rua","Caimbé","city_139"
cep_69310095,"br_rr","69310095","Val de Cans","Rua","Aeroporto","city_139"
cep_69309593,"br_rr","69309593","das Orquídeas","Travessa","Pricumã","city_139"
cep_69310090,"br_rr","69310090","Pinto Martins","Rua","Aeroporto","city_139"
cep_69309600,"br_rr","69309600","das Palmeiras","Rua","Pricumã","city_139"
cep_69310085,"br_rr","69310085","Galeão","Avenida","Aeroporto","city_139"
cep_69310083,"br_rr","69310083","Campos dos Palmares","Rua","Aeroporto","city_139"
cep_69310080,"br_rr","69310080","Pampulha","Rua","Aeroporto","city_139"
cep_69310078,"br_rr","69310078","dos Guarulhos","Rua","Aeroporto","city_139"
cep_69310075,"br_rr","69310075","Afonso Pena","Rua","Aeroporto","city_139"
cep_69310073,"br_rr","69310073","Deco Fonteles","Rua","Aeroporto","city_139"
cep_69310070,"br_rr","69310070","174","Rodovia","Aeroporto","city_139"
cep_69310068,"br_rr","69310068","Estácio Melo","Rua","Aeroporto","city_139"
cep_69310093,"br_rr","69310093","Guararapes","Rua","Aeroporto","city_139"
cep_69309670,"br_rr","69309670","das Três Marias","Rua","Pricumã","city_139"
cep_69313415,"br_rr","69313415","XXIX","Rua","Cambará","city_139"
cep_69310008,"br_rr","69310008","Carlos Pereira de Melo","Avenida","Aeroporto","city_139"
cep_69310005,"br_rr","69310005","Brigadeiro Eduardo Gomes","Avenida","Aeroporto","city_139"
cep_69310003,"br_rr","69310003","Capitão Ene Garcez","Travessa","Aeroporto","city_139"
cep_69310000,"br_rr","69310000","Capitão Ene Garcez","Avenida","Aeroporto","city_139"
cep_69309710,"br_rr","69309710","das Vitórias Régias","Rua","Pricumã","city_139"
cep_69309700,"br_rr","69309700","das Extremosas","Rua","Pricumã","city_139"
cep_69309695,"br_rr","69309695","Glaycon de Paiva","Avenida","Pricumã","city_139"
cep_69309590,"br_rr","69309590","das Orquídeas","Rua","Pricumã","city_139"
cep_69309560,"br_rr","69309560","das Mil Flores","Rua","Pricumã","city_139"
cep_69309550,"br_rr","69309550","das Margaridas","Rua","Pricumã","city_139"
cep_69310025,"br_rr","69310025","SD-06","Alameda","Aeroporto","city_139"
cep_69309657,"br_rr","69309657","Edson Castro","Rua","Pricumã","city_139"
cep_69309655,"br_rr","69309655","Carlos Natrodt","Rua","Pricumã","city_139"
cep_69309650,"br_rr","69309650","dos Taxis","Rua","Pricumã","city_139"
cep_69309640,"br_rr","69309640","dos Tajás","Rua","Pricumã","city_139"
cep_69309630,"br_rr","69309630","das Rosas","Rua","Pricumã","city_139"
cep_69309620,"br_rr","69309620","das Petúnias","Rua","Pricumã","city_139"
cep_69309610,"br_rr","69309610","das Papoulas","Rua","Pricumã","city_139"
cep_69309690,"br_rr","69309690","Venezuela","Avenida","Pricumã","city_139"
cep_69309211,"br_rr","69309211","Jandyra Lago","Rua","Buritis","city_139"
cep_69309363,"br_rr","69309363","José Pinheiro","Rua","Pricumã","city_139"
cep_69309361,"br_rr","69309361","Pastor Osman da Rocha Bríglia","Rua","Pricumã","city_139"
cep_69309360,"br_rr","69309360","das Acácias","Alameda","Pricumã","city_139"
cep_69309240,"br_rr","69309240","José Francisco","Rua","Buritis","city_139"
cep_69309230,"br_rr","69309230","dos Imigrantes","Avenida","Buritis","city_139"
cep_69309225,"br_rr","69309225","Edmundo Sales","Rua","Buritis","city_139"
cep_69309570,"br_rr","69309570","das Onze Horas","Alameda","Pricumã","city_139"
cep_69309220,"br_rr","69309220","Jango Menezes","Rua","Buritis","city_139"
cep_69310020,"br_rr","69310020","SD-04","Alameda","Aeroporto","city_139"
cep_69309215,"br_rr","69309215","dos Imigrantes","Travessa","Buritis","city_139"
cep_69309373,"br_rr","69309373","Risos-do-Prado","Rua","Pricumã","city_139"
cep_69309209,"br_rr","69309209","Antônio Pinheiro Galvão","Rua","Buritis","city_139"
cep_69309207,"br_rr","69309207","José Queiroz","Rua","Buritis","city_139"
cep_69309201,"br_rr","69309201","Áureo Cruz","Rua","Buritis","city_139"
cep_69309198,"br_rr","69309198","Mário Homem de Melo","Avenida","Buritis","city_139"
cep_69309195,"br_rr","69309195","João Padeiro","Rua","Buritis","city_139"
cep_69309190,"br_rr","69309190","Almerindo dos Santos","Rua","Buritis","city_139"
cep_69309189,"br_rr","69309189","Professor Macedo","Rua","Buritis","city_139"
cep_69309187,"br_rr","69309187","General Ataíde Teive","Avenida","Buritis","city_139"
cep_69309393,"br_rr","69309393","das Flores","Via","Pricumã","city_139"
cep_69310050,"br_rr","69310050","Tota Teréncio","Rua","Aeroporto","city_139"
cep_69310015,"br_rr","69310015","SD-02","Alameda","Aeroporto","city_139"
cep_69310028,"br_rr","69310028","SD-07","Alameda","Aeroporto","city_139"
cep_69310030,"br_rr","69310030","Brasília","Avenida","Aeroporto","city_139"
cep_69310033,"br_rr","69310033","Lisboa","Rua","Aeroporto","city_139"
cep_69310035,"br_rr","69310035","La Paz","Rua","Aeroporto","city_139"
cep_69310065,"br_rr","69310065","João Alencar","Rua","Aeroporto","city_139"
cep_69310040,"br_rr","69310040","Venezuela","Avenida","Aeroporto","city_139"
cep_69310063,"br_rr","69310063","Hélio Magalhães","Rua","Aeroporto","city_139"
cep_69309365,"br_rr","69309365","Botão-de-ouro","Rua","Pricumã","city_139"
cep_69310048,"br_rr","69310048","Ana Cecília Mota da Silva","Rua","Aeroporto","city_139"
cep_69309370,"br_rr","69309370","das Acácias","Rua","Pricumã","city_139"
cep_69310053,"br_rr","69310053","Senhora Cecília","Rua","Aeroporto","city_139"
cep_69310055,"br_rr","69310055","Francisco Cândido","Rua","Aeroporto","city_139"
cep_69310023,"br_rr","69310023","SD-05","Alameda","Aeroporto","city_139"
cep_69310038,"br_rr","69310038","Amsterdã","Rua","Aeroporto","city_139"
cep_69309217,"br_rr","69309217","José Francisco","Travessa","Buritis","city_139"
cep_69309385,"br_rr","69309385","Jackson de Barros Villa","Rua","Pricumã","city_139"
cep_69309383,"br_rr","69309383","Bambus","Travessa","Pricumã","city_139"
cep_69309380,"br_rr","69309380","das Acácias","Via","Pricumã","city_139"
cep_69310043,"br_rr","69310043","Madri","Rua","Aeroporto","city_139"
cep_69310045,"br_rr","69310045","Almério Mota Pereira","Rua","Aeroporto","city_139"
cep_69313028,"br_rr","69313028","Gavião","Rua","Jóquei Clube","city_139"
cep_69310010,"br_rr","69310010","Nova Iorque","Avenida","Aeroporto","city_139"
cep_69313008,"br_rr","69313008","Collin","Rua","Jóquei Clube","city_139"
cep_69313055,"br_rr","69313055","Raio Solar","Rua","Jóquei Clube","city_139"
cep_69313052,"br_rr","69313052","Prêmio","Rua","Jóquei Clube","city_139"
cep_69313048,"br_rr","69313048","Postal","Rua","Jóquei Clube","city_139"
cep_69313045,"br_rr","69313045","Pantera","Rua","Jóquei Clube","city_139"
cep_69313042,"br_rr","69313042","Mariat","Rua","Jóquei Clube","city_139"
cep_69313038,"br_rr","69313038","Linha Fina","Rua","Jóquei Clube","city_139"
cep_69313338,"br_rr","69313338","José da Silva Pereira Campos","Rua","Cambará","city_139"
cep_69313032,"br_rr","69313032","Bering","Rua","Jóquei Clube","city_139"
cep_69313385,"br_rr","69313385","XX","Rua","Cambará","city_139"
cep_69313025,"br_rr","69313025","Gávea","Rua","Jóquei Clube","city_139"
cep_69313022,"br_rr","69313022","Itajara","Rua","Jóquei Clube","city_139"
cep_69313018,"br_rr","69313018","Paricá","Rua","Jóquei Clube","city_139"
cep_69313168,"br_rr","69313168","CJ-4","Rua","Jóquei Clube","city_139"
cep_69313012,"br_rr","69313012","Galiléia","Rua","Jóquei Clube","city_139"
cep_69313065,"br_rr","69313065","Vai e Volta","Rua","Jóquei Clube","city_139"
cep_69313005,"br_rr","69313005","Campelo","Rua","Jóquei Clube","city_139"
cep_69313002,"br_rr","69313002","Brucutu","Rua","Jóquei Clube","city_139"
cep_69313035,"br_rr","69313035","Korake","Rua","Jóquei Clube","city_139"
cep_69313354,"br_rr","69313354","Armando Nogueira","Rua","Cambará","city_139"
cep_69312625,"br_rr","69312625","VII","Rua","Centenário","city_139"
cep_69313408,"br_rr","69313408","Nagib Eluan","Rua","Cambará","city_139"
cep_69313405,"br_rr","69313405","XXVI","Rua","Cambará","city_139"
cep_69313402,"br_rr","69313402","Alípio Freire de Lima","Rua","Cambará","city_139"
cep_69313398,"br_rr","69313398","Armando Gomes","Rua","Cambará","city_139"
cep_69313335,"br_rr","69313335","Doutor Rubem Lima Filho","Rua","Cambará","city_139"
cep_69313368,"br_rr","69313368","José Macêdo Malaquias","Rua","Cambará","city_139"
cep_69313162,"br_rr","69313162","CJ-2","Rua","Jóquei Clube","city_139"
cep_69313362,"br_rr","69313362","XIII","Rua","Cambará","city_139"
cep_69313348,"br_rr","69313348","Heráclito Cavalcante","Rua","Cambará","city_139"
cep_69312633,"br_rr","69312633","01","Rua","Centenário","city_139"
cep_69313358,"br_rr","69313358","Mestre Albano","Rua","Cambará","city_139"
cep_69313395,"br_rr","69313395","XIV-A","Rua","Cambará","city_139"
cep_69313365,"br_rr","69313365","XIV","Rua","Cambará","city_139"
cep_69313392,"br_rr","69313392","XXII","Rua","Cambará","city_139"
cep_69313372,"br_rr","69313372","Raimundo Penafort","Rua","Cambará","city_139"
cep_69313375,"br_rr","69313375","XVII","Rua","Cambará","city_139"
cep_69313378,"br_rr","69313378","XVIII","Rua","Cambará","city_139"
cep_69313382,"br_rr","69313382","XIX","Rua","Cambará","city_139"
cep_69313345,"br_rr","69313345","VIII","Rua","Cambará","city_139"
cep_69313092,"br_rr","69313092","Diamante","Rua","Jóquei Clube","city_139"
cep_69313058,"br_rr","69313058","Silver","Rua","Jóquei Clube","city_139"
cep_69313088,"br_rr","69313088","Opala","Rua","Jóquei Clube","city_139"
cep_69312202,"br_rr","69312202","Tia Joaca","Rua","Caimbé","city_139"
cep_69313068,"br_rr","69313068","Corcel Negro","Rua","Jóquei Clube","city_139"
cep_69313072,"br_rr","69313072","Grilo","Rua","Jóquei Clube","city_139"
cep_69313075,"br_rr","69313075","Ametista","Rua","Jóquei Clube","city_139"
cep_69313078,"br_rr","69313078","Turmalina","Rua","Jóquei Clube","city_139"
cep_69313115,"br_rr","69313115","Manganês","Rua","Jóquei Clube","city_139"
cep_69312640,"br_rr","69312640","01","Travessa","Centenário","city_139"
cep_69313112,"br_rr","69313112","Esmeralda","Rua","Jóquei Clube","city_139"
cep_69313125,"br_rr","69313125","Tantalita","Rua","Jóquei Clube","city_139"
cep_69313095,"br_rr","69313095","Topázio","Rua","Jóquei Clube","city_139"
cep_69313098,"br_rr","69313098","Cassiterita","Rua","Jóquei Clube","city_139"
cep_69313102,"br_rr","69313102","Turquesas","Rua","Jóquei Clube","city_139"
cep_69313105,"br_rr","69313105","Safira","Rua","Jóquei Clube","city_139"
cep_69313062,"br_rr","69313062","Uruguai","Rua","Jóquei Clube","city_139"
cep_69313082,"br_rr","69313082","Ônix","Rua","Jóquei Clube","city_139"
cep_69309660,"br_rr","69309660","dos Crisântemos","Rua","Pricumã","city_139"
cep_69310018,"br_rr","69310018","SD-03","Alameda","Aeroporto","city_139"
cep_69313085,"br_rr","69313085","Àguas Marinhas","Rua","Jóquei Clube","city_139"
cep_69313155,"br_rr","69313155","Guanabara","Travessa","Jóquei Clube","city_139"
cep_69309175,"br_rr","69309175","Felipe Xaud","Rua","Buritis","city_139"
cep_69312630,"br_rr","69312630","Salomão Lima da Silva","Rua","Centenário","city_139"
cep_69312623,"br_rr","69312623","VI","Rua","Centenário","city_139"
cep_69312615,"br_rr","69312615","IV","Rua","Centenário","city_139"
cep_69312613,"br_rr","69312613","III","Rua","Centenário","city_139"
cep_69312610,"br_rr","69312610","II","Rua","Centenário","city_139"
cep_69312605,"br_rr","69312605","Parque Igarapé Grande","Avenida","Centenário","city_139"
cep_69313015,"br_rr","69313015","Guanabara","Rua","Jóquei Clube","city_139"
cep_69313118,"br_rr","69313118","Prata","Rua","Jóquei Clube","city_139"
cep_69313158,"br_rr","69313158","CJ-1","Rua","Jóquei Clube","city_139"
cep_69313122,"br_rr","69313122","Rubi","Rua","Jóquei Clube","city_139"
cep_69313152,"br_rr","69313152","Manoel Pereira de Castro","Rua","Jóquei Clube","city_139"
cep_69313148,"br_rr","69313148","Juraci Peixoto","Rua","Jóquei Clube","city_139"
cep_69313145,"br_rr","69313145","José Francisco","Rua","Jóquei Clube","city_139"
cep_69313142,"br_rr","69313142","01","Rua","Jóquei Clube","city_139"
cep_69313138,"br_rr","69313138","XXVI","Rua","Jóquei Clube","city_139"
cep_69313135,"br_rr","69313135","Carlo Casadio","Avenida","Jóquei Clube","city_139"
cep_69313132,"br_rr","69313132","01","Avenida","Jóquei Clube","city_139"
cep_69313128,"br_rr","69313128","Zircône","Rua","Jóquei Clube","city_139"
cep_69312635,"br_rr","69312635","Santa Clara","Rua","Centenário","city_139"
cep_69313108,"br_rr","69313108","Ágata","Rua","Jóquei Clube","city_139"
cep_69310120,"br_rr","69310120","Jaraguá","Travessa","Aeroporto","city_139"
cep_69309185,"br_rr","69309185","dos Bandeirantes","Avenida","Buritis","city_139"
cep_69311014,"br_rr","69311014","Áustria","Rua","Cauamé","city_139"
cep_69311067,"br_rr","69311067","Holanda","Rua","Cauamé","city_139"
cep_69311009,"br_rr","69311009","Argentina","Rua","Cauamé","city_139"
cep_69311006,"br_rr","69311006","Alemanha","Rua","Cauamé","city_139"
cep_69311003,"br_rr","69311003","Sabá Cunha","Avenida","Cauamé","city_139"
cep_69311001,"br_rr","69311001","Chile","Avenida","Cauamé","city_139"
cep_69310128,"br_rr","69310128","Sargento Azevedo","Travessa","Aeroporto","city_139"
cep_69311021,"br_rr","69311021","Bolívia","Rua","Cauamé","city_139"
cep_69310123,"br_rr","69310123","Jasmim","Travessa","Aeroporto","city_139"
cep_69311024,"br_rr","69311024","T","Rua","Cauamé","city_139"
cep_69310118,"br_rr","69310118","Yeyê Coelho","Rua","Aeroporto","city_139"
cep_69310115,"br_rr","69310115","Oder Brasil","Rua","Aeroporto","city_139"
cep_69310113,"br_rr","69310113","10","Rua","Aeroporto","city_139"
cep_69310110,"br_rr","69310110","09","Rua","Aeroporto","city_139"
cep_69310108,"br_rr","69310108","08","Rua","Aeroporto","city_139"
cep_69311017,"br_rr","69311017","Bélgica","Rua","Cauamé","city_139"
cep_69311111,"br_rr","69311111","Panamá","Rua","Cauamé","city_139"
cep_69312022,"br_rr","69312022","Eurides Vasconcelos Rodrigues","Rua","Jardim Floresta","city_139"
cep_69310125,"br_rr","69310125","Jardim Floresta","Travessa","Aeroporto","city_139"
cep_69311054,"br_rr","69311054","França","Rua","Cauamé","city_139"
cep_69312162,"br_rr","69312162","Antônio Maciel","Rua","Caimbé","city_139"
cep_69312145,"br_rr","69312145","Isaac Cabral","Rua","Jardim Floresta","city_139"
cep_69312146,"br_rr","69312146","J","Travessa","Jardim Floresta","city_139"
cep_69312148,"br_rr","69312148","Jair Alves dos Reis","Rua","Jardim Floresta","city_139"
cep_69312150,"br_rr","69312150","Dico Vieira","Rua","Caimbé","city_139"
cep_69312155,"br_rr","69312155","Mário Homem de Melo","Avenida","Caimbé","city_139"
cep_69312123,"br_rr","69312123","Abel Francisco de Oliveira","Rua","Jardim Floresta","city_139"
cep_69312138,"br_rr","69312138","Dalício Amorim","Travessa","Jardim Floresta","city_139"
cep_69312032,"br_rr","69312032","Raimundo Mendes Souza Júnior","Rua","Jardim Floresta","city_139"
cep_69311057,"br_rr","69311057","Francisco Viana","Avenida","Cauamé","city_139"
cep_69312012,"br_rr","69312012","Domingos Maciel Costa","Rua","Jardim Floresta","city_139"
cep_69311051,"br_rr","69311051","Espanha","Rua","Cauamé","city_139"
cep_69311047,"br_rr","69311047","Equador","Rua","Cauamé","city_139"
cep_69311044,"br_rr","69311044","Egito","Rua","Cauamé","city_139"
cep_69311041,"br_rr","69311041","U","Rua","Cauamé","city_139"
cep_69311037,"br_rr","69311037","Cuba","Rua","Cauamé","city_139"
cep_69311034,"br_rr","69311034","Costa Rica","Rua","Cauamé","city_139"
cep_69311031,"br_rr","69311031","Colômbia","Rua","Cauamé","city_139"
cep_69311027,"br_rr","69311027","Canadá","Rua","Cauamé","city_139"
cep_69311011,"br_rr","69311011","Austrália","Rua","Cauamé","city_139"
cep_69370000,"br_rr","69370000","","","","city_150"
cep_69311101,"br_rr","69311101","México","Rua","Cauamé","city_139"
cep_69311104,"br_rr","69311104","Nicarágua","Rua","Cauamé","city_139"
cep_69311107,"br_rr","69311107","João Liberato","Avenida","Cauamé","city_139"
cep_69311064,"br_rr","69311064","X","Rua","Cauamé","city_139"
cep_69311084,"br_rr","69311084","Itália","Rua","Cauamé","city_139"
cep_69313510,"br_rr","69313510","Ivone Pinheiro","Rua","Tancredo Neves","city_139"
cep_69380000,"br_rr","69380000","","","","city_140"
cep_69390000,"br_rr","69390000","","","","city_141"
cep_69312018,"br_rr","69312018","Idelson Cortes","Rua","Jardim Floresta","city_139"
cep_69345000,"br_rr","69345000","","","","city_147"
cep_69311114,"br_rr","69311114","Paraguai","Rua","Cauamé","city_139"
cep_69360000,"br_rr","69360000","","","","city_142"
cep_69378000,"br_rr","69378000","","","","city_143"
cep_69348000,"br_rr","69348000","","","","city_144"
cep_69340000,"br_rr","69340000","","","","city_145"
cep_69358000,"br_rr","69358000","","","","city_151"
cep_69355000,"br_rr","69355000","","","","city_146"
cep_69373000,"br_rr","69373000","","","","city_148"
cep_69306650,"br_rr","69306650","Oscar Ferreira","Rua","São Pedro","city_139"
cep_69375000,"br_rr","69375000","","","","city_149"
cep_69311061,"br_rr","69311061","V","Rua","Cauamé","city_139"
cep_69312135,"br_rr","69312135","Dálcio Amorim","Travessa","Jardim Floresta","city_139"
cep_69312008,"br_rr","69312008","Tota Terêncio","Rua","Jardim Floresta","city_139"
cep_69312005,"br_rr","69312005","Carlos Pereira de Melo","Avenida","Jardim Floresta","city_139"
cep_69312001,"br_rr","69312001","Princesa Isabel","Avenida","Jardim Floresta","city_139"
cep_69311137,"br_rr","69311137","174","Rodovia","Cauamé","city_139"
cep_69311134,"br_rr","69311134","Uruguai","Rua","Cauamé","city_139"
cep_69311131,"br_rr","69311131","Suíça","Rua","Cauamé","city_139"
cep_69311127,"br_rr","69311127","Suécia","Rua","Cauamé","city_139"
cep_69311097,"br_rr","69311097","Marrocos","Rua","Cauamé","city_139"
cep_69311121,"br_rr","69311121","Polônia","Rua","Cauamé","city_139"
cep_69311094,"br_rr","69311094","Japão","Rua","Cauamé","city_139"
cep_69311091,"br_rr","69311091","Jael Barradas","Avenida","Cauamé","city_139"
cep_69313515,"br_rr","69313515","Dalício Andrade de Freitas","Rua","Tancredo Neves","city_139"
cep_69311071,"br_rr","69311071","Guatemala","Rua","Cauamé","city_139"
cep_69311074,"br_rr","69311074","Hungria","Rua","Cauamé","city_139"
cep_69311077,"br_rr","69311077","Inglaterra","Rua","Cauamé","city_139"
cep_69311081,"br_rr","69311081","Irlanda","Rua","Cauamé","city_139"
cep_69311117,"br_rr","69311117","Peru","Rua","Cauamé","city_139"
cep_69311087,"br_rr","69311087","Iuguslávia","Rua","Cauamé","city_139"
cep_69312015,"br_rr","69312015","Abrilina Pena","Rua","Jardim Floresta","city_139"
cep_69311124,"br_rr","69311124","Romênia","Rua","Cauamé","city_139"
cep_69309403,"br_rr","69309403","Perpétua","Rua","Pricumã","city_139"
cep_69309400,"br_rr","69309400","das Bromélias","Rua","Pricumã","city_139"
cep_69309416,"br_rr","69309416","dos Gerânios","Rua","Pricumã","city_139"
cep_69309405,"br_rr","69309405","dos Ipês","Rua","Pricumã","city_139"
cep_69309415,"br_rr","69309415","das Palmas de Santa Rita","Rua","Pricumã","city_139"
cep_69309409,"br_rr","69309409","Industrial 2","Rua","Pricumã","city_139"
cep_69309410,"br_rr","69309410","das Camélias","Rua","Pricumã","city_139"
cep_69309411,"br_rr","69309411","dos Hibiscos","Rua","Pricumã","city_139"
cep_69309412,"br_rr","69309412","das Fores de Cera","Rua","Pricumã","city_139"
cep_69312098,"br_rr","69312098","Sizenando C. Cavalcante","Rua","Jardim Floresta","city_139"
cep_69309390,"br_rr","69309390","das Bacabas","Rua","Pricumã","city_139"
cep_69309395,"br_rr","69309395","dos Bambus","Alameda","Pricumã","city_139"
cep_69312075,"br_rr","69312075","A","Travessa","Jardim Floresta","city_139"
cep_69312115,"br_rr","69312115","Blandina Castelo Branco","Rua","Jardim Floresta","city_139"
cep_69312113,"br_rr","69312113","Y-20","Rua","Jardim Floresta","city_139"
cep_69312112,"br_rr","69312112","B","Travessa","Jardim Floresta","city_139"
cep_69312108,"br_rr","69312108","Zuza Piauí","Rua","Jardim Floresta","city_139"
cep_69312105,"br_rr","69312105","Yeyê Coelho","Rua","Jardim Floresta","city_139"
cep_69312103,"br_rr","69312103","Y-9A","Travessa","Jardim Floresta","city_139"
cep_69312142,"br_rr","69312142","Dino Mesquita","Rua","Jardim Floresta","city_139"
cep_69309413,"br_rr","69309413","Pastor Almir Nogueira Guerra","Rua","Pricumã","city_139"
cep_69309490,"br_rr","69309490","dos Girassóis","Alameda","Pricumã","city_139"
cep_69313418,"br_rr","69313418","Jerusalém","Rua","Cambará","city_139"
cep_69309221,"br_rr","69309221","Raimundo Filgueiras","Rua","Buritis","city_139"
cep_69309414,"br_rr","69309414","das Mozendras","Rua","Pricumã","city_139"
cep_69309530,"br_rr","69309530","das Tulipas","Rua","Pricumã","city_139"
cep_69309520,"br_rr","69309520","Lady-Laura","Rua","Pricumã","city_139"
cep_69309515,"br_rr","69309515","dos Bandeirantes","Avenida","Pricumã","city_139"
cep_69309514,"br_rr","69309514","Rosa Pardana","Rua","Pricumã","city_139"
cep_69309513,"br_rr","69309513","Mestre Albano","Rua","Pricumã","city_139"
cep_69309399,"br_rr","69309399","das Iris","Rua","Pricumã","city_139"
cep_69309500,"br_rr","69309500","das Hortências","Rua","Pricumã","city_139"
cep_69309397,"br_rr","69309397","dos Narcisos","Rua","Pricumã","city_139"
cep_69309470,"br_rr","69309470","das Campainhas","Rua","Pricumã","city_139"
cep_69309460,"br_rr","69309460","Azaléias","Rua","Pricumã","city_139"
cep_69309450,"br_rr","69309450","das Quaresmeiras","Rua","Pricumã","city_139"
cep_69309440,"br_rr","69309440","das Damas da Noite","Rua","Pricumã","city_139"
cep_69309430,"br_rr","69309430","das Dálias","Rua","Pricumã","city_139"
cep_69309388,"br_rr","69309388","Industrial 3","Rua","Pricumã","city_139"
cep_69309408,"br_rr","69309408","Industrial 1","Rua","Pricumã","city_139"
cep_69310105,"br_rr","69310105","07","Rua","Aeroporto","city_139"
cep_69312095,"br_rr","69312095","Sócrates Peixoto","Rua","Jardim Floresta","city_139"
cep_69309510,"br_rr","69309510","das Hortências","Alameda","Pricumã","city_139"
cep_69312170,"br_rr","69312170","Ruth Pinheiro","Rua","Caimbé","city_139"
cep_69312198,"br_rr","69312198","Tete Magalhães","Rua","Caimbé","city_139"
cep_69312195,"br_rr","69312195","Sílvio Leite","Rua","Caimbé","city_139"
cep_69312192,"br_rr","69312192","Leôncio Barbosa","Rua","Caimbé","city_139"
cep_69312190,"br_rr","69312190","Hercílio Cidade","Rua","Caimbé","city_139"
cep_69312188,"br_rr","69312188","Pastor Fernando Grangeiro","Rua","Caimbé","city_139"
cep_69312185,"br_rr","69312185","Júlio Pinto","Rua","Caimbé","city_139"
cep_69312182,"br_rr","69312182","Lourival Silva","Rua","Caimbé","city_139"
cep_69312178,"br_rr","69312178","América Sarmento Ribeiro","Rua","Caimbé","city_139"
cep_69312102,"br_rr","69312102","Venezuela","Avenida","Jardim Floresta","city_139"
cep_69312172,"br_rr","69312172","Alcides Lima","Rua","Caimbé","city_139"
cep_69312082,"br_rr","69312082","B","Rua","Jardim Floresta","city_139"
cep_69312168,"br_rr","69312168","Ademário Santos","Rua","Caimbé","city_139"
cep_69312118,"br_rr","69312118","Carlos Gomes da Silva","Rua","Jardim Floresta","city_139"
cep_69312143,"br_rr","69312143","Myro Bessa Lima","Rua","Jardim Floresta","city_139"
cep_69312025,"br_rr","69312025","Antônio da Costa Uchôa","Rua","Jardim Floresta","city_139"
cep_69312128,"br_rr","69312128","D","Rua","Jardim Floresta","city_139"
cep_69312132,"br_rr","69312132","Dahas Abrahim","Rua","Jardim Floresta","city_139"
cep_69312133,"br_rr","69312133","Olavo Brasil Filho","Rua","Jardim Floresta","city_139"
cep_69309180,"br_rr","69309180","Pedro Praça","Rua","Buritis","city_139"
cep_69312175,"br_rr","69312175","Princesa Isabel","Avenida","Caimbé","city_139"
cep_69312058,"br_rr","69312058","Ana Cecília Mota da Silva","Rua","Jardim Floresta","city_139"
cep_69312092,"br_rr","69312092","Sargento Azevedo","Rua","Jardim Floresta","city_139"
cep_69312088,"br_rr","69312088","Olívia Paixão da Silva","Rua","Jardim Floresta","city_139"
cep_69312085,"br_rr","69312085","A","Rua","Jardim Floresta","city_139"
cep_69312028,"br_rr","69312028","João Magalhães","Rua","Jardim Floresta","city_139"
cep_69312078,"br_rr","69312078","Oder Brasil","Rua","Jardim Floresta","city_139"
cep_69312125,"br_rr","69312125","D","Travessa","Jardim Floresta","city_139"
cep_69312072,"br_rr","69312072","Deco Fonteles","Rua","Jardim Floresta","city_139"
cep_69312068,"br_rr","69312068","Astério Bentes Pimentel","Travessa","Jardim Floresta","city_139"
cep_69312200,"br_rr","69312200","Ivone Pinheiro","Rua","Caimbé","city_139"
cep_69312062,"br_rr","69312062","Antônio Maciel","Rua","Jardim Floresta","city_139"
cep_69312160,"br_rr","69312160","Dona Cota Vieira","Rua","Caimbé","city_139"
cep_69312055,"br_rr","69312055","Almério Mota Pereira","Rua","Jardim Floresta","city_139"
cep_69312052,"br_rr","69312052","Alzimiro Gomes da Silva","Rua","Jardim Floresta","city_139"
cep_69312048,"br_rr","69312048","Atlas Catanhede","Rua","Jardim Floresta","city_139"
cep_69312045,"br_rr","69312045","Reinaldo Neves","Rua","Jardim Floresta","city_139"
cep_69312042,"br_rr","69312042","João Alencar","Rua","Jardim Floresta","city_139"
cep_69312038,"br_rr","69312038","Hélio Magalhães","Rua","Jardim Floresta","city_139"
cep_69312035,"br_rr","69312035","Detson Mendes","Rua","Jardim Floresta","city_139"
cep_69310100,"br_rr","69310100","Salgado Filho","Rua","Aeroporto","city_139"
cep_69312165,"br_rr","69312165","Nossa Senhora de Nazaré","Avenida","Caimbé","city_139"
cep_69312065,"br_rr","69312065","Estácio Melo","Rua","Jardim Floresta","city_139"
cep_69316554,"br_rr","69316554","S-08","Rua","Senador Hélio Campos","city_139"
cep_69316466,"br_rr","69316466","HC-06","Rua","Senador Hélio Campos","city_139"
cep_69316536,"br_rr","69316536","Nivaldo da Conceição Gutierrez","Rua","Senador Hélio Campos","city_139"
cep_69316538,"br_rr","69316538","Nívea","Rua","Senador Hélio Campos","city_139"
cep_69316560,"br_rr","69316560","S-11","Rua","Senador Hélio Campos","city_139"
cep_69316542,"br_rr","69316542","S-01","Rua","Senador Hélio Campos","city_139"
cep_69316558,"br_rr","69316558","S-10","Rua","Senador Hélio Campos","city_139"
cep_69316546,"br_rr","69316546","S-03","Rua","Senador Hélio Campos","city_139"
cep_69316548,"br_rr","69316548","S-05","Rua","Senador Hélio Campos","city_139"
cep_69316532,"br_rr","69316532","N-31","Rua","Senador Hélio Campos","city_139"
cep_69316552,"br_rr","69316552","S-07","Rua","Senador Hélio Campos","city_139"
cep_69316446,"br_rr","69316446","HC-02","Rua","Senador Hélio Campos","city_139"
cep_69316528,"br_rr","69316528","N-29","Rua","Senador Hélio Campos","city_139"
cep_69316540,"br_rr","69316540","Nozes","Rua","Senador Hélio Campos","city_139"
cep_69316297,"br_rr","69316297","OP-XVI","Avenida","Operário","city_139"
cep_69316316,"br_rr","69316316","XXX","Rua","Operário","city_139"
cep_69316315,"br_rr","69316315","OP-XXIX","Rua","Operário","city_139"
cep_69316314,"br_rr","69316314","OP-XXVIII","Travessa","Operário","city_139"
cep_69316313,"br_rr","69316313","OP-XXVIII","Rua","Operário","city_139"
cep_69316312,"br_rr","69316312","OP-XXVII","Rua","Operário","city_139"
cep_69316550,"br_rr","69316550","S-06","Rua","Senador Hélio Campos","city_139"
cep_69316578,"br_rr","69316578","S-19","Rua","Senador Hélio Campos","city_139"
cep_69313412,"br_rr","69313412","Dahas Abrahim","Rua","Cambará","city_139"
cep_69316258,"br_rr","69316258","NC-2","Rua","Nova Cidade","city_139"
cep_69316496,"br_rr","69316496","Luiz Reis Cristo","Rua","Senador Hélio Campos","city_139"
cep_69316556,"br_rr","69316556","S-09","Rua","Senador Hélio Campos","city_139"
cep_69316590,"br_rr","69316590","S-26","Rua","Senador Hélio Campos","city_139"
cep_69316588,"br_rr","69316588","S-25","Rua","Senador Hélio Campos","city_139"
cep_69316586,"br_rr","69316586","S-23","Rua","Senador Hélio Campos","city_139"
cep_69316584,"br_rr","69316584","S-22","Rua","Senador Hélio Campos","city_139"
cep_69316534,"br_rr","69316534","Raimundo Alves de Souza","Rua","Senador Hélio Campos","city_139"
cep_69316580,"br_rr","69316580","S-20","Rua","Senador Hélio Campos","city_139"
cep_69316306,"br_rr","69316306","OP-XXIV","Rua","Operário","city_139"
cep_69316576,"br_rr","69316576","S-18","Rua","Senador Hélio Campos","city_139"
cep_69316574,"br_rr","69316574","S-17","Rua","Senador Hélio Campos","city_139"
cep_69316570,"br_rr","69316570","S-16","Rua","Senador Hélio Campos","city_139"
cep_69316568,"br_rr","69316568","S-15","Rua","Senador Hélio Campos","city_139"
cep_69316565,"br_rr","69316565","S-13","Rua","Senador Hélio Campos","city_139"
cep_69316562,"br_rr","69316562","S-12","Rua","Senador Hélio Campos","city_139"
cep_69316526,"br_rr","69316526","N-28","Rua","Senador Hélio Campos","city_139"
cep_69316544,"br_rr","69316544","S-02","Rua","Senador Hélio Campos","city_139"
cep_69316582,"br_rr","69316582","S-21","Rua","Senador Hélio Campos","city_139"
cep_69316420,"br_rr","69316420","C-59","Rua","Senador Hélio Campos","city_139"
cep_69316402,"br_rr","69316402","S-40","Avenida","Senador Hélio Campos","city_139"
cep_69316444,"br_rr","69316444","HC-01","Rua","Senador Hélio Campos","city_139"
cep_69316440,"br_rr","69316440","Francisco Sales Vieira","Rua","Senador Hélio Campos","city_139"
cep_69316438,"br_rr","69316438","Foz do Iguaçu","Rua","Senador Hélio Campos","city_139"
cep_69316434,"br_rr","69316434","dos Trabalhadores","Rua","Senador Hélio Campos","city_139"
cep_69316432,"br_rr","69316432","do Rosário","Rua","Senador Hélio Campos","city_139"
cep_69316430,"br_rr","69316430","Curitiba","Rua","Senador Hélio Campos","city_139"
cep_69316426,"br_rr","69316426","Cidade Cascavel","Rua","Senador Hélio Campos","city_139"
cep_69316310,"br_rr","69316310","OP-XXVI","Rua","Operário","city_139"
cep_69316422,"br_rr","69316422","C-61","Rua","Senador Hélio Campos","city_139"
cep_69316282,"br_rr","69316282","OP-IV","Rua","Operário","city_139"
cep_69316416,"br_rr","69316416","Sebastião França de Souza","Rua","Senador Hélio Campos","city_139"
cep_69316414,"br_rr","69316414","C-57","Rua","Senador Hélio Campos","city_139"
cep_69316410,"br_rr","69316410","C-56","Rua","Senador Hélio Campos","city_139"
cep_69316318,"br_rr","69316318","OP-XXXI","Rua","Operário","city_139"
cep_69316379,"br_rr","69316379","Monte Sinai","Rua","Operário","city_139"
cep_69309173,"br_rr","69309173","Princesa Isabel","Avenida","Buritis","city_139"
cep_69316323,"br_rr","69316323","Estrela Bonita","Rua","Operário","city_139"
cep_69316324,"br_rr","69316324","Estrela do Norte","Rua","Operário","city_139"
cep_69316424,"br_rr","69316424","C-62","Rua","Senador Hélio Campos","city_139"
cep_69316294,"br_rr","69316294","OP-XII","Rua","Operário","city_139"
cep_69316468,"br_rr","69316468","HC-07","Rua","Senador Hélio Campos","city_139"
cep_69316305,"br_rr","69316305","OP-XXIII","Rua","Operário","city_139"
cep_69316304,"br_rr","69316304","OP-XXII","Rua","Operário","city_139"
cep_69316303,"br_rr","69316303","OP-XXI","Rua","Operário","city_139"
cep_69316302,"br_rr","69316302","OP-XX","Rua","Operário","city_139"
cep_69316462,"br_rr","69316462","HC-04","Rua","Senador Hélio Campos","city_139"
cep_69316299,"br_rr","69316299","OP-XVII","Rua","Operário","city_139"
cep_69316322,"br_rr","69316322","OP-XXXIII","Rua","Operário","city_139"
cep_69316300,"br_rr","69316300","dos Trabalhadores","Rua","Operário","city_139"
cep_69316295,"br_rr","69316295","OP-XIV","Rua","Operário","city_139"
cep_69316266,"br_rr","69316266","NC-R","Rua","Nova Cidade","city_139"
cep_69316293,"br_rr","69316293","OP-XIII","Rua","Operário","city_139"
cep_69316292,"br_rr","69316292","OP-XI","Rua","Operário","city_139"
cep_69316289,"br_rr","69316289","OP-X","Rua","Operário","city_139"
cep_69316287,"br_rr","69316287","OP-IX","Rua","Operário","city_139"
cep_69316286,"br_rr","69316286","OP-VIII","Rua","Operário","city_139"
cep_69316285,"br_rr","69316285","OP-VII","Rua","Operário","city_139"
cep_69316284,"br_rr","69316284","OP-VI","Rua","Operário","city_139"
cep_69316283,"br_rr","69316283","OP-V","Rua","Operário","city_139"
cep_69316308,"br_rr","69316308","dos Operários","Avenida","Operário","city_139"
cep_69316296,"br_rr","69316296","OP-XV","Rua","Operário","city_139"
cep_69316062,"br_rr","69316062","dos Astros","Rua","Raiar do Sol","city_139"
cep_69316464,"br_rr","69316464","HC-05","Rua","Senador Hélio Campos","city_139"
cep_69315248,"br_rr","69315248","DI-L","Rua","Governador Aquilino Mota Duarte (DI)","city_139"
cep_69315245,"br_rr","69315245","DI-O","Rua","Governador Aquilino Mota Duarte (DI)","city_139"
cep_69315242,"br_rr","69315242","DI-J","Rua","Governador Aquilino Mota Duarte (DI)","city_139"
cep_69315238,"br_rr","69315238","DI-I","Rua","Governador Aquilino Mota Duarte (DI)","city_139"
cep_69315288,"br_rr","69315288","DI-T","Travessa","Governador Aquilino Mota Duarte (DI)","city_139"
cep_69316032,"br_rr","69316032","Plutão","Rua","Raiar do Sol","city_139"
cep_69316068,"br_rr","69316068","Três Maria","Rua","Raiar do Sol","city_139"
cep_69315255,"br_rr","69315255","DI-V","Rua","Governador Aquilino Mota Duarte (DI)","city_139"
cep_69316064,"br_rr","69316064","Brilho do Sol","Avenida","Raiar do Sol","city_139"
cep_69315258,"br_rr","69315258","DI-X","Rua","Governador Aquilino Mota Duarte (DI)","city_139"
cep_69316058,"br_rr","69316058","Sol Nascente","Avenida","Raiar do Sol","city_139"
cep_69316056,"br_rr","69316056","Encontro dos Astros","Rua","Raiar do Sol","city_139"
cep_69316054,"br_rr","69316054","Z-3","Rua","Raiar do Sol","city_139"
cep_69316052,"br_rr","69316052","Universo","Travessa","Raiar do Sol","city_139"
cep_69316048,"br_rr","69316048","Raio de Lua","Rua","Raiar do Sol","city_139"
cep_69316046,"br_rr","69316046","Lua Nova","Rua","Raiar do Sol","city_139"
cep_69316044,"br_rr","69316044","Eclipse","Rua","Raiar do Sol","city_139"
cep_69316042,"br_rr","69316042","Júpter","Rua","Raiar do Sol","city_139"
cep_69316066,"br_rr","69316066","Constelação","Rua","Raiar do Sol","city_139"
cep_69316076,"br_rr","69316076","Estrela Celeste","Rua","Raiar do Sol","city_139"
cep_69315322,"br_rr","69315322","DI-09","Rua","Governador Aquilino Mota Duarte (DI)","city_139"
cep_69315318,"br_rr","69315318","DI-08","Rua","Governador Aquilino Mota Duarte (DI)","city_139"
cep_69315315,"br_rr","69315315","DI-07","Rua","Governador Aquilino Mota Duarte (DI)","city_139"
cep_69315312,"br_rr","69315312","DI-06","Rua","Governador Aquilino Mota Duarte (DI)","city_139"
cep_69315308,"br_rr","69315308","DI-05","Rua","Governador Aquilino Mota Duarte (DI)","city_139"
cep_69315305,"br_rr","69315305","DI-04","Rua","Governador Aquilino Mota Duarte (DI)","city_139"
cep_69315302,"br_rr","69315302","DI-03","Rua","Governador Aquilino Mota Duarte (DI)","city_139"
cep_69315298,"br_rr","69315298","DI-02","Rua","Governador Aquilino Mota Duarte (DI)","city_139"
cep_69315252,"br_rr","69315252","DI-U","Rua","Governador Aquilino Mota Duarte (DI)","city_139"
cep_69315292,"br_rr","69315292","Brasil","Avenida","Governador Aquilino Mota Duarte (DI)","city_139"
cep_69316016,"br_rr","69316016","Estrela Bonita","Rua","Raiar do Sol","city_139"
cep_69315285,"br_rr","69315285","DI-T","Rua","Governador Aquilino Mota Duarte (DI)","city_139"
cep_69315338,"br_rr","69315338","DI-Z","Rua","Governador Aquilino Mota Duarte (DI)","city_139"
cep_69315278,"br_rr","69315278","DI-Q","Travessa","Governador Aquilino Mota Duarte (DI)","city_139"
cep_69315275,"br_rr","69315275","DI-Q","Rua","Governador Aquilino Mota Duarte (DI)","city_139"
cep_69315272,"br_rr","69315272","DI-R","Rua","Governador Aquilino Mota Duarte (DI)","city_139"
cep_69315268,"br_rr","69315268","DI-P","Rua","Governador Aquilino Mota Duarte (DI)","city_139"
cep_69315265,"br_rr","69315265","DI-K","Rua","Governador Aquilino Mota Duarte (DI)","city_139"
cep_69315262,"br_rr","69315262","das Indústrias","Avenida","Governador Aquilino Mota Duarte (DI)","city_139"
cep_69315295,"br_rr","69315295","DI-01","Rua","Governador Aquilino Mota Duarte (DI)","city_139"
cep_69316490,"br_rr","69316490","HC-16","Rua","Senador Hélio Campos","city_139"
cep_69316514,"br_rr","69316514","N-19","Rua","Senador Hélio Campos","city_139"
cep_69316510,"br_rr","69316510","N-15","Rua","Senador Hélio Campos","city_139"
cep_69316508,"br_rr","69316508","N-13","Rua","Senador Hélio Campos","city_139"
cep_69316506,"br_rr","69316506","N-10","Rua","Senador Hélio Campos","city_139"
cep_69316502,"br_rr","69316502","N-09","Rua","Senador Hélio Campos","city_139"
cep_69316500,"br_rr","69316500","N-07","Rua","Senador Hélio Campos","city_139"
cep_69316498,"br_rr","69316498","Maria Martins Vieira","Rua","Senador Hélio Campos","city_139"
cep_69316448,"br_rr","69316448","HC-03","Rua","Senador Hélio Campos","city_139"
cep_69316038,"br_rr","69316038","Z-Y","Rua","Raiar do Sol","city_139"
cep_69316530,"br_rr","69316530","N-30","Rua","Senador Hélio Campos","city_139"
cep_69316520,"br_rr","69316520","N-25","Rua","Senador Hélio Campos","city_139"
cep_69316488,"br_rr","69316488","HC-15","Rua","Senador Hélio Campos","city_139"
cep_69316484,"br_rr","69316484","HC-14","Rua","Senador Hélio Campos","city_139"
cep_69316482,"br_rr","69316482","HC-13","Rua","Senador Hélio Campos","city_139"
cep_69316480,"br_rr","69316480","HC-12","Rua","Senador Hélio Campos","city_139"
cep_69316478,"br_rr","69316478","HC-11","Rua","Senador Hélio Campos","city_139"
cep_69316476,"br_rr","69316476","HC-10","Rua","Senador Hélio Campos","city_139"
cep_69316472,"br_rr","69316472","HC-09","Rua","Senador Hélio Campos","city_139"
cep_69316470,"br_rr","69316470","HC-08","Rua","Senador Hélio Campos","city_139"
cep_69316494,"br_rr","69316494","Laura Pinheiro Maia","Rua","Senador Hélio Campos","city_139"
cep_69316022,"br_rr","69316022","Estrela do Norte","Rua","Raiar do Sol","city_139"
cep_69316408,"br_rr","69316408","Santo Antônio","Avenida","Senador Hélio Campos","city_139"
cep_69316264,"br_rr","69316264","Brasil","Avenida","Nova Cidade","city_139"
cep_69316002,"br_rr","69316002","Estrela D'alva","Rua","Raiar do Sol","city_139"
cep_69316004,"br_rr","69316004","Arco-Íris","Rua","Raiar do Sol","city_139"
cep_69316006,"br_rr","69316006","Universo","Rua","Raiar do Sol","city_139"
cep_69316008,"br_rr","69316008","das Estrelas","Rua","Raiar do Sol","city_139"
cep_69316036,"br_rr","69316036","Vênus","Rua","Raiar do Sol","city_139"
cep_69316014,"br_rr","69316014","Cometa","Rua","Raiar do Sol","city_139"
cep_69316516,"br_rr","69316516","N-21","Rua","Senador Hélio Campos","city_139"
cep_69316018,"br_rr","69316018","Estrela do Mar","Rua","Raiar do Sol","city_139"
cep_69316518,"br_rr","69316518","Caubi Brasil de Magalhães","Rua","Senador Hélio Campos","city_139"
cep_69316024,"br_rr","69316024","Quarta Nascente","Rua","Raiar do Sol","city_139"
cep_69316026,"br_rr","69316026","Monte Sinai","Rua","Raiar do Sol","city_139"
cep_69316028,"br_rr","69316028","Saturno","Rua","Raiar do Sol","city_139"
cep_69315335,"br_rr","69315335","DI-13","Rua","Governador Aquilino Mota Duarte (DI)","city_139"
cep_69316012,"br_rr","69316012","Estrela do Sul","Rua","Raiar do Sol","city_139"
cep_69316492,"br_rr","69316492","HC-17","Rua","Senador Hélio Campos","city_139"
cep_69316524,"br_rr","69316524","N-27","Rua","Senador Hélio Campos","city_139"
cep_69316522,"br_rr","69316522","N-26","Rua","Senador Hélio Campos","city_139"
cep_69315332,"br_rr","69315332","DI-12","Rua","Governador Aquilino Mota Duarte (DI)","city_139"
cep_69316034,"br_rr","69316034","Estrela Bonita","Travessa","Raiar do Sol","city_139"
cep_69312603,"br_rr","69312603","Centenário","Avenida","Centenário","city_139"
cep_69316325,"br_rr","69316325","N-13","Rua","Operário","city_139"
cep_69312359,"br_rr","69312359","Frederico Francisco Fontelles","Rua","Cinturão Verde","city_139"
cep_69312357,"br_rr","69312357","São Vicente","Rua","Cinturão Verde","city_139"
cep_69312355,"br_rr","69312355","São Pedro","Rua","Cinturão Verde","city_139"
cep_69312353,"br_rr","69312353","São Silvestre","Rua","Cinturão Verde","city_139"
cep_69312351,"br_rr","69312351","São João","Rua","Cinturão Verde","city_139"
cep_69312349,"br_rr","69312349","Santa Clara","Rua","Cinturão Verde","city_139"
cep_69312347,"br_rr","69312347","São Francisco","Rua","Cinturão Verde","city_139"
cep_69312363,"br_rr","69312363","Dona Marina Carneiro","Rua","Cinturão Verde","city_139"
cep_69312331,"br_rr","69312331","Juraci Peixoto","Rua","Cinturão Verde","city_139"
cep_69312365,"br_rr","69312365","João Batista","Rua","Cinturão Verde","city_139"
cep_69312315,"br_rr","69312315","Salomão Matroniano de Souza Cruz","Rua","Asa Branca","city_139"
cep_69312318,"br_rr","69312318","São Sebastião","Avenida","Asa Branca","city_139"
cep_69312322,"br_rr","69312322","Temístocles Henrique Tribueiro","Rua","Asa Branca","city_139"
cep_69312325,"br_rr","69312325","Vicente Correia Lira","Rua","Asa Branca","city_139"
cep_69312345,"br_rr","69312345","Santa Rita","Rua","Cinturão Verde","city_139"
cep_69312329,"br_rr","69312329","José Francisco","Travessa","Asa Branca","city_139"
cep_69312343,"br_rr","69312343","São Jorge","Rua","Cinturão Verde","city_139"
cep_69312332,"br_rr","69312332","B","Travessa","Cinturão Verde","city_139"
cep_69312305,"br_rr","69312305","Nossa Senhora de Nazaré","Avenida","Asa Branca","city_139"
cep_69312218,"br_rr","69312218","General Ataíde Teive","Avenida","Caimbé","city_139"
cep_69312312,"br_rr","69312312","Raimundo Penafort","Rua","Asa Branca","city_139"
cep_69312255,"br_rr","69312255","Felipe Xaud","Rua","Asa Branca","city_139"
cep_69312252,"br_rr","69312252","Armando Nogueira","Rua","Asa Branca","city_139"
cep_69312248,"br_rr","69312248","Belarmino Fernandes Magalhães","Rua","Asa Branca","city_139"
cep_69312245,"br_rr","69312245","Amâncio Ferreira de Lucena","Rua","Asa Branca","city_139"
cep_69312242,"br_rr","69312242","General Ataíde Teive","Avenida","Asa Branca","city_139"
cep_69312230,"br_rr","69312230","Jorge Fraxe","Rua","Caimbé","city_139"
cep_69312225,"br_rr","69312225","Manoel Teixeira de Souza","Rua","Caimbé","city_139"
cep_69312361,"br_rr","69312361","Dandãe Pinho","Rua","Cinturão Verde","city_139"
cep_69312220,"br_rr","69312220","João Padilha","Rua","Caimbé","city_139"
cep_69312337,"br_rr","69312337","São Cristóvão","Rua","Cinturão Verde","city_139"
cep_69312215,"br_rr","69312215","dos Imigrantes","Avenida","Caimbé","city_139"
cep_69312212,"br_rr","69312212","Carlos Pereira de Melo","Avenida","Caimbé","city_139"
cep_69309170,"br_rr","69309170","Manoel Felipe","Rua","Buritis","city_139"
cep_69312265,"br_rr","69312265","Horácio Mardel de Magalhães","Rua","Asa Branca","city_139"
cep_69312341,"br_rr","69312341","Santa Luzia","Rua","Cinturão Verde","city_139"
cep_69312371,"br_rr","69312371","São Mateus","Rua","Cinturão Verde","city_139"
cep_69312369,"br_rr","69312369","São Camilo","Rua","Cinturão Verde","city_139"
cep_69312367,"br_rr","69312367","José Francisco","Travessa","Cinturão Verde","city_139"
cep_69312222,"br_rr","69312222","Jandyra Lago","Rua","Caimbé","city_139"
cep_69312595,"br_rr","69312595","Beira Rio","Rua","Centenário","city_139"
cep_69313265,"br_rr","69313265","JT-08","Avenida","Olímpico","city_139"
cep_69313262,"br_rr","69313262","01","Avenida","Olímpico","city_139"
cep_69313194,"br_rr","69313194","José Francisco","Travessa","Jóquei Clube","city_139"
cep_69313192,"br_rr","69313192","CJ-11","Rua","Jóquei Clube","city_139"
cep_69313188,"br_rr","69313188","CJ-10","Rua","Jóquei Clube","city_139"
cep_69313185,"br_rr","69313185","CJ-9","Rua","Jóquei Clube","city_139"
cep_69313182,"br_rr","69313182","CJ-8","Rua","Jóquei Clube","city_139"
cep_69313178,"br_rr","69313178","CJ-7","Rua","Jóquei Clube","city_139"
cep_69312333,"br_rr","69312333","Manoel Pereira de Castro","Rua","Cinturão Verde","city_139"
cep_69313172,"br_rr","69313172","CJ-5","Rua","Jóquei Clube","city_139"
cep_69313342,"br_rr","69313342","Oscar Martins dos Santos","Rua","Cambará","city_139"
cep_69313282,"br_rr","69313282","JC-03","Rua","Olímpico","city_139"
cep_69313388,"br_rr","69313388","Calebe","Rua","Cambará","city_139"
cep_69313435,"br_rr","69313435","Padre Anchieta","Avenida","Cambará","city_139"
cep_69313432,"br_rr","69313432","General Ataíde Teive","Avenida","Cambará","city_139"
cep_69313430,"br_rr","69313430","C-23","Rua","Cambará","city_139"
cep_69313428,"br_rr","69313428","C-22","Rua","Cambará","city_139"
cep_69313425,"br_rr","69313425","C-21","Rua","Cambará","city_139"
cep_69313422,"br_rr","69313422","Henrique de Oliveira Gomes","Rua","Cambará","city_139"
cep_69313175,"br_rr","69313175","CJ-6","Rua","Jóquei Clube","city_139"
cep_69313305,"br_rr","69313305","JT-05","Rua","Olímpico","city_139"
cep_69312268,"br_rr","69312268","Jair da Silva Mota","Rua","Asa Branca","city_139"
cep_69312339,"br_rr","69312339","São José","Rua","Cinturão Verde","city_139"
cep_69312308,"br_rr","69312308","Pedro Praça","Rua","Asa Branca","city_139"
cep_69312328,"br_rr","69312328","Gervásio Barbosa do Monte","Rua","Asa Branca","city_139"
cep_69313275,"br_rr","69313275","JC-01","Rua","Olímpico","city_139"
cep_69313332,"br_rr","69313332","IV","Rua","Cambará","city_139"
cep_69313328,"br_rr","69313328","III","Rua","Cambará","city_139"
cep_69313325,"br_rr","69313325","II","Rua","Cambará","city_139"
cep_69313268,"br_rr","69313268","JT-09","Avenida","Olímpico","city_139"
cep_69313308,"br_rr","69313308","JT-06","Rua","Olímpico","city_139"
cep_69313272,"br_rr","69313272","XXVI","Rua","Olímpico","city_139"
cep_69313302,"br_rr","69313302","JT-04","Rua","Olímpico","city_139"
cep_69313298,"br_rr","69313298","JT-03","Rua","Olímpico","city_139"
cep_69313295,"br_rr","69313295","JT-02","Rua","Olímpico","city_139"
cep_69313292,"br_rr","69313292","JT-01","Rua","Olímpico","city_139"
cep_69313288,"br_rr","69313288","Jerusalém","Rua","Olímpico","city_139"
cep_69313285,"br_rr","69313285","JC-04","Rua","Olímpico","city_139"
cep_69313165,"br_rr","69313165","CJ-3","Rua","Jóquei Clube","city_139"
cep_69313278,"br_rr","69313278","JC-02","Rua","Olímpico","city_139"
cep_69312335,"br_rr","69312335","São Leopoldo","Rua","Cinturão Verde","city_139"
cep_69313322,"br_rr","69313322","Nagib Eluan","Travessa","Cambará","city_139"
cep_69312387,"br_rr","69312387","B","Rua","Cinturão Verde","city_139"
cep_69312437,"br_rr","69312437","São Marcos","Travessa","Cinturão Verde","city_139"
cep_69312373,"br_rr","69312373","Guanabara","Travessa","Cinturão Verde","city_139"
cep_69312418,"br_rr","69312418","São Pedro","Travessa","Cinturão Verde","city_139"
cep_69312503,"br_rr","69312503","Monte Sinai","Rua","Centenário","city_139"
cep_69312405,"br_rr","69312405","Provérbio","Rua","Cinturão Verde","city_139"
cep_69312399,"br_rr","69312399","II","Travessa","Cinturão Verde","city_139"
cep_69312398,"br_rr","69312398","Apocalipse","Rua","Cinturão Verde","city_139"
cep_69312397,"br_rr","69312397","I","Travessa","Cinturão Verde","city_139"
cep_69312205,"br_rr","69312205","Velho Dandãe","Rua","Caimbé","city_139"
cep_69312388,"br_rr","69312388","13 de Setembro","Rua","Cinturão Verde","city_139"
cep_69312450,"br_rr","69312450","Brasil","Avenida","Cinturão Verde","city_139"
cep_69312385,"br_rr","69312385","São Raimundo","Rua","Cinturão Verde","city_139"
cep_69312383,"br_rr","69312383","Nossa Senhora Aparecida","Rua","Cinturão Verde","city_139"
cep_69312381,"br_rr","69312381","01 de Maio","Rua","Cinturão Verde","city_139"
cep_69312379,"br_rr","69312379","7 de Setembro","Rua","Cinturão Verde","city_139"
cep_69312377,"br_rr","69312377","Centenário","Avenida","Cinturão Verde","city_139"
cep_69312600,"br_rr","69312600","Brasil","Avenida","Centenário","city_139"
cep_69312428,"br_rr","69312428","Lucas","Travessa","Cinturão Verde","city_139"
cep_69312262,"br_rr","69312262","Francisco Inácio de Souza","Rua","Asa Branca","city_139"
cep_69312389,"br_rr","69312389","São João Batista","Rua","Cinturão Verde","city_139"
cep_69312408,"br_rr","69312408","Gêneses","Rua","Cinturão Verde","city_139"
cep_69315325,"br_rr","69315325","DI-10","Rua","Governador Aquilino Mota Duarte (DI)","city_139"
cep_69316368,"br_rr","69316368","Z-3","Rua","Operário","city_139"
cep_69316404,"br_rr","69316404","S-41","Avenida","Senador Hélio Campos","city_139"
cep_69316390,"br_rr","69316390","dos Operários","Avenida","Senador Hélio Campos","city_139"
cep_69316392,"br_rr","69316392","N-17","Avenida","Senador Hélio Campos","city_139"
cep_69316396,"br_rr","69316396","S-04","Avenida","Senador Hélio Campos","city_139"
cep_69316398,"br_rr","69316398","S-14","Avenida","Senador Hélio Campos","city_139"
cep_69316400,"br_rr","69316400","S-24","Avenida","Senador Hélio Campos","city_139"
cep_69312439,"br_rr","69312439","Frederico Francisco Fontelles","Travessa","Cinturão Verde","city_139"
cep_69316328,"br_rr","69316328","OP-XXV","Rua","Operário","city_139"
cep_69312448,"br_rr","69312448","Cruzeiro do Sul","Rua","Cinturão Verde","city_139"
cep_69312490,"br_rr","69312490","Santo Agostinho","Rua","Centenário","city_139"
cep_69312470,"br_rr","69312470","Marquês de Pombal","Rua","Marechal Rondon","city_139"
cep_69312465,"br_rr","69312465","General Sampaio","Avenida","Marechal Rondon","city_139"
cep_69312460,"br_rr","69312460","Brasil","Avenida","Marechal Rondon","city_139"
cep_69312458,"br_rr","69312458","São Raimundo","Travessa","Cinturão Verde","city_139"
cep_69312456,"br_rr","69312456","São Mateus","Travessa","Cinturão Verde","city_139"
cep_69312454,"br_rr","69312454","Dona Marina Carneiro","Rua","Cinturão Verde","city_139"
cep_69312452,"br_rr","69312452","Professor Clóvis Souza","Rua","Cinturão Verde","city_139"
cep_69312593,"br_rr","69312593","Sobral","Rua","Centenário","city_139"
cep_69316320,"br_rr","69316320","OP-XXXII","Rua","Operário","city_139"
cep_69312295,"br_rr","69312295","Manoel Vicente de Souza","Rua","Asa Branca","city_139"
cep_69312533,"br_rr","69312533","João Dantas","Rua","Centenário","city_139"
cep_69312535,"br_rr","69312535","Salomão Lima da Silva","Travessa","Centenário","city_139"
cep_69312540,"br_rr","69312540","Maranata","Travessa","Centenário","city_139"
cep_69312543,"br_rr","69312543","04","Travessa","Centenário","city_139"
cep_69312500,"br_rr","69312500","Santa Maria","Rua","Centenário","city_139"
cep_69312520,"br_rr","69312520","Caruaru","Rua","Centenário","city_139"
cep_69312258,"br_rr","69312258","Francisco Custódio de Andrade","Rua","Asa Branca","city_139"
cep_69312302,"br_rr","69312302","Moacir da Silva Mota","Rua","Asa Branca","city_139"
cep_69312545,"br_rr","69312545","03","Travessa","Centenário","city_139"
cep_69312296,"br_rr","69312296","dos Imigrantes","Avenida","Asa Branca","city_139"
cep_69312523,"br_rr","69312523","de Acesso I","Rua","Centenário","city_139"
cep_69312292,"br_rr","69312292","Manoel da Silva Mota","Rua","Asa Branca","city_139"
cep_69312288,"br_rr","69312288","Manoel Felipe","Rua","Asa Branca","city_139"
cep_69312285,"br_rr","69312285","Maria Rodrigues dos Santos","Rua","Asa Branca","city_139"
cep_69312282,"br_rr","69312282","Lindolfo Bernardo Coutinho","Rua","Asa Branca","city_139"
cep_69312278,"br_rr","69312278","Juvêncio Jaricuna de Albuquerque","Rua","Asa Branca","city_139"
cep_69312275,"br_rr","69312275","José Francisco","Rua","Asa Branca","city_139"
cep_69312272,"br_rr","69312272","José Aleixo","Rua","Asa Branca","city_139"
cep_69316326,"br_rr","69316326","OP-XIX","Rua","Operário","city_139"
cep_69312298,"br_rr","69312298","Mestre Albano","Rua","Asa Branca","city_139"
cep_69312555,"br_rr","69312555","Adriana Matos da Silva","Travessa","Centenário","city_139"
cep_69312590,"br_rr","69312590","Santa Lúcia","Rua","Centenário","city_139"
cep_69312585,"br_rr","69312585","São Rafael","Rua","Centenário","city_139"
cep_69312583,"br_rr","69312583","Bela Vista","Rua","Centenário","city_139"
cep_69312580,"br_rr","69312580","Abel Camuça Neto","Rua","Centenário","city_139"
cep_69312575,"br_rr","69312575","Santa Marta","Rua","Centenário","city_139"
cep_69312573,"br_rr","69312573","Santa Maria","Travessa","Centenário","city_139"
cep_69312570,"br_rr","69312570","Imperatriz","Rua","Centenário","city_139"
cep_69312565,"br_rr","69312565","Santa Cecília","Rua","Centenário","city_139"
cep_69312530,"br_rr","69312530","de Acesso I","Travessa","Centenário","city_139"
cep_69312560,"br_rr","69312560","Universal","Rua","Centenário","city_139"
cep_69312550,"br_rr","69312550","Thomas Wilson","Travessa","Centenário","city_139"
cep_69312495,"br_rr","69312495","Floriano Peixoto","Rua","Centenário","city_139"
cep_69312525,"br_rr","69312525","de Acesso II","Rua","Centenário","city_139"
cep_69312372,"br_rr","69312372","General Ataíde Teive","Avenida","Tancredo Neves","city_139"
cep_69312505,"br_rr","69312505","Boa Esperança","Rua","Centenário","city_139"
cep_69312510,"br_rr","69312510","Universal","Travessa","Centenário","city_139"
cep_69312513,"br_rr","69312513","Juazeiro","Rua","Centenário","city_139"
cep_69312515,"br_rr","69312515","Santa Inês","Rua","Centenário","city_139"
cep_69312553,"br_rr","69312553","Levina Alves da Silva","Travessa","Centenário","city_139"
cep_69312375,"br_rr","69312375","São Marcos","Rua","Cinturão Verde","city_139"
cep_69312563,"br_rr","69312563","São Paulo","Rua","Centenário","city_139"
cep_69315222,"br_rr","69315222","DI-M","Rua","Governador Aquilino Mota Duarte (DI)","city_139"
cep_69301030,"br_rr","69301030","Getúlio Vargas","Avenida","Centro","city_139"
cep_69301340,"br_rr","69301340","Inácio Magalhães","Rua","Centro","city_139"
cep_69315225,"br_rr","69315225","DI-G","Rua","Governador Aquilino Mota Duarte (DI)","city_139"
cep_69301063,"br_rr","69301063","Nossa Senhora de Nazaré","Travessa","Centro","city_139"
cep_69315218,"br_rr","69315218","Parque Industrial","Rua","Governador Aquilino Mota Duarte (DI)","city_139"
cep_69301081,"br_rr","69301081","Cecília Brasil","Travessa","Centro","city_139"
cep_69315232,"br_rr","69315232","DI-E","Rua","Governador Aquilino Mota Duarte (DI)","city_139"
cep_69301000,"br_rr","69301000","Ville Roy","Avenida","Centro","city_139"
cep_69301045,"br_rr","69301045","Caxangá","Travessa","Centro","city_139"
cep_69301020,"br_rr","69301020","Benjamin Constant","Avenida","Centro","city_139"
cep_69301040,"br_rr","69301040","Sebastião Diniz","Avenida","Centro","city_139"
cep_69315096,"br_rr","69315096","Monte Sinai","Rua","Professora Araceli Souto Maior","city_139"
cep_69301050,"br_rr","69301050","Bento Brasil","Avenida","Centro","city_139"
cep_69301061,"br_rr","69301061","Cerejo Cruz","Travessa","Centro","city_139"
cep_69301060,"br_rr","69301060","Cerejo Cruz","Rua","Centro","city_139"
cep_69301011,"br_rr","69301011","Nossa Senhora da Consolata","Avenida","Centro","city_139"
cep_69315092,"br_rr","69315092","Encontro dos Astros","Rua","Professora Araceli Souto Maior","city_139"
cep_69301270,"br_rr","69301270","Castelo Branco","Rua","Centro","city_139"
cep_69301260,"br_rr","69301260","Professor Diomedes Souto Maior","Rua","Centro","city_139"
cep_69301280,"br_rr","69301280","Castelo Branco","Travessa","Centro","city_139"
cep_69301290,"br_rr","69301290","Antônio Bitencourt","Rua","Centro","city_139"
cep_69301300,"br_rr","69301300","José Coelho","Rua","Centro","city_139"
cep_69303280,"br_rr","69303280","Rio Caroebe","Rua","São Vicente","city_139"
cep_69301065,"br_rr","69301065","Ajuricaba","Travessa","Centro","city_139"
cep_69315105,"br_rr","69315105","Brasil","Avenida","Professora Araceli Souto Maior","city_139"
cep_69315235,"br_rr","69315235","DI-H","Rua","Governador Aquilino Mota Duarte (DI)","city_139"
cep_69315215,"br_rr","69315215","DI-A","Rua","Governador Aquilino Mota Duarte (DI)","city_139"
cep_69315094,"br_rr","69315094","Quarta Nascente","Rua","Professora Araceli Souto Maior","city_139"
cep_69315098,"br_rr","69315098","Saturno","Rua","Professora Araceli Souto Maior","city_139"
cep_69301310,"br_rr","69301310","Barreto Leite","Rua","Centro","city_139"
cep_69315202,"br_rr","69315202","DI-N","Rua","Governador Aquilino Mota Duarte (DI)","city_139"
cep_69315205,"br_rr","69315205","DI-D","Rua","Governador Aquilino Mota Duarte (DI)","city_139"
cep_69315208,"br_rr","69315208","DI-C","Rua","Governador Aquilino Mota Duarte (DI)","city_139"
cep_69315212,"br_rr","69315212","DI-B","Rua","Governador Aquilino Mota Duarte (DI)","city_139"
cep_69301180,"br_rr","69301180","Pedro Rodrigues","Rua","Centro","city_139"
cep_69313440,"br_rr","69313440","Aristóteles Carneiro","Rua","Cambará","city_139"
cep_69303200,"br_rr","69303200","Pascoal Moreira Cabral","Rua","Calungá","city_139"
cep_69303350,"br_rr","69303350","Ricardo Frois","Rua","São Vicente","city_139"
cep_69303360,"br_rr","69303360","Pacaraima","Rua","São Vicente","city_139"
cep_69303370,"br_rr","69303370","Monte Roraima","Rua","São Vicente","city_139"
cep_69303380,"br_rr","69303380","Doutor Paulo Coelho Pereira","Rua","São Vicente","city_139"
cep_69303390,"br_rr","69303390","Professor Eloi Gomes","Rua","São Vicente","city_139"
cep_69303400,"br_rr","69303400","Sorocaima","Rua","São Vicente","city_139"
cep_69303320,"br_rr","69303320","Parima","Rua","São Vicente","city_139"
cep_69303420,"br_rr","69303420","Caribe","Rua","São Vicente","city_139"
cep_69303290,"br_rr","69303290","Quitauaú","Rua","São Vicente","city_139"
cep_69303260,"br_rr","69303260","Rio Anauá","Rua","São Vicente","city_139"
cep_69301250,"br_rr","69301250","Glaycon de Paiva","Avenida","Centro","city_139"
cep_69313645,"br_rr","69313645","Soldado-Polícia Militar Damião Gentil de Goes","Rua","Caranã","city_139"
cep_69303005,"br_rr","69303005","Jósimo de alencar Macedo","Rua","Calungá","city_139"
cep_69315084,"br_rr","69315084","Eclipse","Rua","Professora Araceli Souto Maior","city_139"
cep_69301350,"br_rr","69301350","Jaime Brasil","Avenida","Centro","city_139"
cep_69301355,"br_rr","69301355","dos Camelôs","Travessa","Centro","city_139"
cep_69303410,"br_rr","69303410","Maú","Rua","São Vicente","city_139"
cep_69303190,"br_rr","69303190","Antônio Raposo Tavares","Rua","Calungá","city_139"
cep_69315228,"br_rr","69315228","DI-F","Rua","Governador Aquilino Mota Duarte (DI)","city_139"
cep_69303180,"br_rr","69303180","Calungá","Rua","Calungá","city_139"
cep_69303069,"br_rr","69303069","Parimé III","Travessa","Calungá","city_139"
cep_69303250,"br_rr","69303250","Maria de Lurdes Coimbra","Rua","Calungá","city_139"
cep_69303240,"br_rr","69303240","Nilo Brandão","Rua","Calungá","city_139"
cep_69303230,"br_rr","69303230","Rodrigo Pires de Figueiredo","Rua","Calungá","city_139"
cep_69303220,"br_rr","69303220","Fernão Dias Paes Leme","Rua","Calungá","city_139"
cep_69303340,"br_rr","69303340","Glaycon de Paiva","Avenida","São Vicente","city_139"
cep_69303270,"br_rr","69303270","Rio Alalaú","Rua","São Vicente","city_139"
cep_69301070,"br_rr","69301070","Ajuricaba","Rua","Centro","city_139"
cep_69303272,"br_rr","69303272","Teixeira Guerra","Rua","São Vicente","city_139"
cep_69303170,"br_rr","69303170","Severino Mineiro","Rua","Calungá","city_139"
cep_69303160,"br_rr","69303160","José de Souza","Rua","Calungá","city_139"
cep_69303150,"br_rr","69303150","Bento Coelho","Avenida","Calungá","city_139"
cep_69303130,"br_rr","69303130","Bento Brasil","Avenida","Calungá","city_139"
cep_69301320,"br_rr","69301320","Floriano Peixoto","Rua","Centro","city_139"
cep_69303067,"br_rr","69303067","Parimé II","Travessa","Calungá","city_139"
cep_69303210,"br_rr","69303210","Bartolomeu Bueno Tavares","Rua","Calungá","city_139"
cep_69313628,"br_rr","69313628","19","Rua","Caranã","city_139"
cep_69313712,"br_rr","69313712","18","Rua","Jardim Caranã","city_139"
cep_69313788,"br_rr","69313788","V","Rua","União","city_139"
cep_69313790,"br_rr","69313790","X","Rua","União","city_139"
cep_69314384,"br_rr","69314384","Betel","Rua","Nova Canaã","city_139"
cep_69313755,"br_rr","69313755","Soldado-Polícia Militar Wilson P. da Silva","Rua","União","city_139"
cep_69313658,"br_rr","69313658","PQ","Travessa","Caranã","city_139"
cep_69313795,"br_rr","69313795","A","Travessa","União","city_139"
cep_69313782,"br_rr","69313782","José Carlos dos Prazeres","Rua","União","city_139"
cep_69313625,"br_rr","69313625","16","Avenida","Caranã","city_139"
cep_69313780,"br_rr","69313780","Altair Pereira de Melo","Rua","União","city_139"
cep_69313630,"br_rr","69313630","Carlos Pereira de Melo","Avenida","Caranã","city_139"
cep_69313632,"br_rr","69313632","Chile","Avenida","Caranã","city_139"
cep_69313635,"br_rr","69313635","Jael Barradas","Avenida","Caranã","city_139"
cep_69313638,"br_rr","69313638","174","Rodovia","Caranã","city_139"
cep_69313640,"br_rr","69313640","B","Rua","Caranã","city_139"
cep_69313642,"br_rr","69313642","C","Rua","Caranã","city_139"
cep_69313650,"br_rr","69313650","C","Travessa","Caranã","city_139"
cep_69313622,"br_rr","69313622","14","Rua","Caranã","city_139"
cep_69313708,"br_rr","69313708","19","Rua","Jardim Caranã","city_139"
cep_69313760,"br_rr","69313760","06","Rua","União","city_139"
cep_69313722,"br_rr","69313722","21","Rua","Jardim Caranã","city_139"
cep_69314416,"br_rr","69314416","Sião","Rua","Nova Canaã","city_139"
cep_69301360,"br_rr","69301360","José Magalhães","Rua","Centro","city_139"
cep_69313720,"br_rr","69313720","Granjeiro","Rua","Jardim Caranã","city_139"
cep_69313718,"br_rr","69313718","16","Avenida","Jardim Caranã","city_139"
cep_69313715,"br_rr","69313715","17","Rua","Jardim Caranã","city_139"
cep_69313785,"br_rr","69313785","Clarice de Melo Cabral","Rua","União","city_139"
cep_69313740,"br_rr","69313740","16","Avenida","União","city_139"
cep_69313655,"br_rr","69313655","P-02","Travessa","Caranã","city_139"
cep_69313762,"br_rr","69313762","07","Rua","União","city_139"
cep_69313765,"br_rr","69313765","09","Rua","União","city_139"
cep_69313768,"br_rr","69313768","10","Rua","União","city_139"
cep_69313770,"br_rr","69313770","11","Rua","União","city_139"
cep_69313772,"br_rr","69313772","13","Rua","União","city_139"
cep_69313775,"br_rr","69313775","14","Rua","União","city_139"
cep_69313778,"br_rr","69313778","Waldemar Coelho de Aguiar","Rua","União","city_139"
cep_69313615,"br_rr","69313615","João Liberato","Avenida","Caranã","city_139"
cep_69314362,"br_rr","69314362","Sílvio Leite","Travessa","Doutor Sílvio Leite","city_139"
cep_69313648,"br_rr","69313648","B","Travessa","Caranã","city_139"
cep_69301140,"br_rr","69301140","Alfredo Cruz","Rua","Centro","city_139"
cep_69301190,"br_rr","69301190","Dom Pedro I","Rua","Centro","city_139"
cep_69301130,"br_rr","69301130","Barão do Rio Branco","Rua","Centro","city_139"
cep_69301200,"br_rr","69301200","Mário Homem de Melo","Avenida","Centro","city_139"
cep_69301110,"br_rr","69301110","Major Williams","Avenida","Centro","city_139"
cep_69301105,"br_rr","69301105","Ex-Combatente Emmanuel Boechat","Rua","Centro","city_139"
cep_69301160,"br_rr","69301160","Capitão Ene Garcez","Avenida","Centro","city_139"
cep_69301090,"br_rr","69301090","Araújo Filho","Rua","Centro","city_139"
cep_69301165,"br_rr","69301165","José Ribeiro da Silva","Rua","Centro","city_139"
cep_69301135,"br_rr","69301135","Capitão Bessa","Rua","Centro","city_139"
cep_69301076,"br_rr","69301076","José Coelho","Travessa","Centro","city_139"
cep_69301205,"br_rr","69301205","A","Travessa","Centro","city_139"
cep_69301210,"br_rr","69301210","José de Anchieta","Rua","Centro","city_139"
cep_69301220,"br_rr","69301220","Frei José dos Inocentes","Rua","Centro","city_139"
cep_69301225,"br_rr","69301225","B","Travessa","Centro","city_139"
cep_69301230,"br_rr","69301230","Vidal de Negreiros","Rua","Centro","city_139"
cep_69301100,"br_rr","69301100","Terêncio Lima","Avenida","Centro","city_139"
cep_69313698,"br_rr","69313698","Y","Rua","Jardim Caranã","city_139"
cep_69313618,"br_rr","69313618","Sabá Cunha","Avenida","Caranã","city_139"
cep_69313660,"br_rr","69313660","Monte Sinai","Travessa","Caranã","city_139"
cep_69313680,"br_rr","69313680","T","Rua","Jardim Caranã","city_139"
cep_69313682,"br_rr","69313682","S","Rua","Jardim Caranã","city_139"
cep_69313685,"br_rr","69313685","R","Rua","Jardim Caranã","city_139"
cep_69313688,"br_rr","69313688","Rui Baraúna","Avenida","Jardim Caranã","city_139"
cep_69313690,"br_rr","69313690","U","Rua","Jardim Caranã","city_139"
cep_69301150,"br_rr","69301150","Coronel Pinto","Rua","Centro","city_139"
cep_69313695,"br_rr","69313695","X","Rua","Jardim Caranã","city_139"
cep_69301240,"br_rr","69301240","Pedrinho Filho","Rua","Centro","city_139"
cep_69313700,"br_rr","69313700","Z","Rua","Jardim Caranã","city_139"
cep_69313702,"br_rr","69313702","Joca Farias","Rua","Jardim Caranã","city_139"
cep_69313705,"br_rr","69313705","19","Travessa","Jardim Caranã","city_139"
cep_69313652,"br_rr","69313652","C-01","Travessa","Caranã","city_139"
cep_69301120,"br_rr","69301120","Coronel Mota","Rua","Centro","city_139"
cep_69301080,"br_rr","69301080","Cecília Brasil","Rua","Centro","city_139"
cep_69301170,"br_rr","69301170","Victor Maia","Rua","Centro","city_139"
cep_69313692,"br_rr","69313692","V","Rua","Jardim Caranã","city_139"
cep_69315062,"br_rr","69315062","Marte","Rua","Professora Araceli Souto Maior","city_139"
cep_69315018,"br_rr","69315018","Rio Amajari","Rua","Professora Araceli Souto Maior","city_139"
cep_69315016,"br_rr","69315016","Rio Apiau","Rua","Professora Araceli Souto Maior","city_139"
cep_69314568,"br_rr","69314568","N-17","Avenida","Doutor Sílvio Botelho","city_139"
cep_69315032,"br_rr","69315032","Rio Mucajaí","Avenida","Professora Araceli Souto Maior","city_139"
cep_69315008,"br_rr","69315008","Rio Uraricuera","Rua","Professora Araceli Souto Maior","city_139"
cep_69315054,"br_rr","69315054","Estrela Celeste","Travessa","Professora Araceli Souto Maior","city_139"
cep_69314464,"br_rr","69314464","N-15","Rua","Doutor Sílvio Botelho","city_139"
cep_69315058,"br_rr","69315058","Cruzeiro do Sul","Rua","Professora Araceli Souto Maior","city_139"
cep_69315052,"br_rr","69315052","Mercúrio","Rua","Professora Araceli Souto Maior","city_139"
cep_69315064,"br_rr","69315064","Estrela Cadente","Travessa","Professora Araceli Souto Maior","city_139"
cep_69315066,"br_rr","69315066","Estrela D'alva","Travessa","Professora Araceli Souto Maior","city_139"
cep_69315068,"br_rr","69315068","Guará","Rua","Professora Araceli Souto Maior","city_139"
cep_69315072,"br_rr","69315072","Santa Fé","Rua","Professora Araceli Souto Maior","city_139"
cep_69315074,"br_rr","69315074","Eclipse","Travessa","Professora Araceli Souto Maior","city_139"
cep_69315076,"br_rr","69315076","Estrela D'alva","Rua","Professora Araceli Souto Maior","city_139"
cep_69315078,"br_rr","69315078","Estrela Cadente","Rua","Professora Araceli Souto Maior","city_139"
cep_69315056,"br_rr","69315056","Santa Fé","Travessa","Professora Araceli Souto Maior","city_139"
cep_69315044,"br_rr","69315044","Rio Tacutu","Rua","Professora Araceli Souto Maior","city_139"
cep_69314434,"br_rr","69314434","Francisco Monteiro Gondim","Travessa","Nova Canaã","city_139"
cep_69314452,"br_rr","69314452","N-08","Rua","Doutor Sílvio Botelho","city_139"
cep_69314454,"br_rr","69314454","Laura Pinheiro Maia","Rua","Doutor Sílvio Botelho","city_139"
cep_69314456,"br_rr","69314456","N-12","Rua","Doutor Sílvio Botelho","city_139"
cep_69314458,"br_rr","69314458","N-13","Rua","Doutor Sílvio Botelho","city_139"
cep_69314462,"br_rr","69314462","N-14","Rua","Doutor Sílvio Botelho","city_139"
cep_69314466,"br_rr","69314466","N-16","Rua","Doutor Sílvio Botelho","city_139"
cep_69315022,"br_rr","69315022","Rio Quinó","Rua","Professora Araceli Souto Maior","city_139"
cep_69315012,"br_rr","69315012","Rio Branco","Avenida","Professora Araceli Souto Maior","city_139"
cep_69315024,"br_rr","69315024","Rio Quinó","Travessa","Professora Araceli Souto Maior","city_139"
cep_69315042,"br_rr","69315042","Rio Maú","Rua","Professora Araceli Souto Maior","city_139"
cep_69315038,"br_rr","69315038","Rio Uailan","Rua","Professora Araceli Souto Maior","city_139"
cep_69315036,"br_rr","69315036","Rio Ajarani","Rua","Professora Araceli Souto Maior","city_139"
cep_69315034,"br_rr","69315034","Rio Jatapu","Rua","Professora Araceli Souto Maior","city_139"
cep_69315048,"br_rr","69315048","Estrelinha","Travessa","Professora Araceli Souto Maior","city_139"
cep_69315028,"br_rr","69315028","Rio Surumu","Rua","Professora Araceli Souto Maior","city_139"
cep_69315046,"br_rr","69315046","Estrelinha","Rua","Professora Araceli Souto Maior","city_139"
cep_69315026,"br_rr","69315026","Rio Quitauau","Travessa","Professora Araceli Souto Maior","city_139"
cep_69315004,"br_rr","69315004","Rio Anauá","Rua","Professora Araceli Souto Maior","city_139"
cep_69315082,"br_rr","69315082","Estrela Celeste","Rua","Professora Araceli Souto Maior","city_139"
cep_69314665,"br_rr","69314665","N-31","Rua","Jardim Tropical","city_139"
cep_69314670,"br_rr","69314670","Raimundo Alves de Souza","Rua","Jardim Tropical","city_139"
cep_69314675,"br_rr","69314675","S-01","Rua","Jardim Tropical","city_139"
cep_69314680,"br_rr","69314680","S-02","Rua","Jardim Tropical","city_139"
cep_69314685,"br_rr","69314685","Tropical","Rua","Jardim Tropical","city_139"
cep_69314690,"br_rr","69314690","S-02","Travessa","Jardim Tropical","city_139"
cep_69314655,"br_rr","69314655","N-29","Rua","Jardim Tropical","city_139"
cep_69315002,"br_rr","69315002","Rio Alalaú","Rua","Professora Araceli Souto Maior","city_139"
cep_69314570,"br_rr","69314570","01","Avenida","Jardim Tropical","city_139"
cep_69315006,"br_rr","69315006","Rio Cotingo","Rua","Professora Araceli Souto Maior","city_139"
cep_69314640,"br_rr","69314640","Flora","Rua","Jardim Tropical","city_139"
cep_69350000,"br_rr","69350000","","","","city_138"
cep_69343000,"br_rr","69343000","","","","city_137"
cep_69306700,"br_rr","69306700","Getúlio Vargas","Avenida","São Pedro","city_139"
cep_69313728,"br_rr","69313728","Jael Barradas","Avenida","Jardim Caranã","city_139"
cep_69314152,"br_rr","69314152","São Sebastião","Avenida","Santa Tereza","city_139"
cep_69314695,"br_rr","69314695","Tropical","Travessa","Jardim Tropical","city_139"
cep_69314610,"br_rr","69314610","07","Rua","Jardim Tropical","city_139"
cep_69314426,"br_rr","69314426","Francisco Monteiro Gondim","Rua","Nova Canaã","city_139"
cep_69314650,"br_rr","69314650","Jerusalém","Rua","Jardim Tropical","city_139"
cep_69315086,"br_rr","69315086","Raio de Lua","Rua","Professora Araceli Souto Maior","city_139"
cep_69314580,"br_rr","69314580","01","Rua","Jardim Tropical","city_139"
cep_69314585,"br_rr","69314585","02","Rua","Jardim Tropical","city_139"
cep_69314590,"br_rr","69314590","03","Rua","Jardim Tropical","city_139"
cep_69314595,"br_rr","69314595","04","Rua","Jardim Tropical","city_139"
cep_69314660,"br_rr","69314660","N-30","Rua","Jardim Tropical","city_139"
cep_69314605,"br_rr","69314605","06","Rua","Jardim Tropical","city_139"
cep_69314382,"br_rr","69314382","General Ataíde Teive","Avenida","Nova Canaã","city_139"
cep_69314615,"br_rr","69314615","08","Rua","Jardim Tropical","city_139"
cep_69314620,"br_rr","69314620","09","Rua","Jardim Tropical","city_139"
cep_69314625,"br_rr","69314625","Carmelo","Rua","Jardim Tropical","city_139"
cep_69314630,"br_rr","69314630","das Raízes","Rua","Jardim Tropical","city_139"
cep_69314635,"br_rr","69314635","Estrela D'alva","Rua","Jardim Tropical","city_139"
cep_69315014,"br_rr","69315014","Rio Ereu","Rua","Professora Araceli Souto Maior","city_139"
cep_69314645,"br_rr","69314645","Jardim Babilônia","Rua","Jardim Tropical","city_139"
cep_69314600,"br_rr","69314600","05","Rua","Jardim Tropical","city_139"
cep_69314507,"br_rr","69314507","SB-02","Rua","Doutor Sílvio Botelho","city_139"
cep_69314480,"br_rr","69314480","N-21","Rua","Doutor Sílvio Botelho","city_139"
cep_69303060,"br_rr","69303060","Quitauaú I","Travessa","Calungá","city_139"
cep_69303062,"br_rr","69303062","Quitauaú II","Travessa","Calungá","city_139"
cep_69303065,"br_rr","69303065","Parimé I","Travessa","Calungá","city_139"
cep_69301450,"br_rr","69301450","Major Manoel Correia","Rua","Centro","city_139"
cep_69314490,"br_rr","69314490","N-24","Rua","Doutor Sílvio Botelho","city_139"
cep_69314470,"br_rr","69314470","N-18","Rua","Doutor Sílvio Botelho","city_139"
cep_69303055,"br_rr","69303055","Marechal Rondon","Rua","Calungá","city_139"
cep_69314510,"br_rr","69314510","SB-03","Rua","Doutor Sílvio Botelho","city_139"
cep_69303047,"br_rr","69303047","Francisca Sampaio Tomaz","Rua","Calungá","city_139"
cep_69314503,"br_rr","69314503","SB-01","Rua","Doutor Sílvio Botelho","city_139"
cep_69314500,"br_rr","69314500","N-10","Rua","Doutor Sílvio Botelho","city_139"
cep_69314520,"br_rr","69314520","do Coentro","Alameda","Doutor Sílvio Botelho","city_139"
cep_69314493,"br_rr","69314493","N-25","Rua","Doutor Sílvio Botelho","city_139"
cep_69314523,"br_rr","69314523","das Hortas","Rua","Doutor Sílvio Botelho","city_139"
cep_69314487,"br_rr","69314487","Caubi Brasil de Magalhães","Rua","Doutor Sílvio Botelho","city_139"
cep_69314432,"br_rr","69314432","Canaã","Travessa","Nova Canaã","city_139"
cep_69314513,"br_rr","69314513","Sião","Rua","Doutor Sílvio Botelho","city_139"
cep_69301455,"br_rr","69301455","Nossa Senhora do Carmo","Rua","Centro","city_139"
cep_69301370,"br_rr","69301370","João Pereira de Melo","Avenida","Centro","city_139"
cep_69301380,"br_rr","69301380","Centro Cívico","Praça","Centro","city_139"
cep_69301390,"br_rr","69301390","José Amadeu Ribeiro Campos","Rua","Centro","city_139"
cep_69301400,"br_rr","69301400","Rocha Leal","Rua","Centro","city_139"
cep_69301410,"br_rr","69301410","Capitão Júlio Bezerra","Avenida","Centro","city_139"
cep_69301420,"br_rr","69301420","Alferes Paulo Saldanha","Rua","Centro","city_139"
cep_69301430,"br_rr","69301430","Professor Agnelo Bitencourt","Rua","Centro","city_139"
cep_69303057,"br_rr","69303057","Castelo Branco","Rua","Calungá","city_139"
cep_69303072,"br_rr","69303072","C","Travessa","Calungá","city_139"
cep_69314477,"br_rr","69314477","N-20","Rua","Doutor Sílvio Botelho","city_139"
cep_69301330,"br_rr","69301330","Doutor Sylvio Lafêgo Botelho","Avenida","Centro","city_139"
cep_69303015,"br_rr","69303015","David Cruz","Rua","Calungá","city_139"
cep_69303025,"br_rr","69303025","Surumu","Avenida","Calungá","city_139"
cep_69303027,"br_rr","69303027","Raimunda Correia Soares","Rua","Calungá","city_139"
cep_69303035,"br_rr","69303035","Presidente Castelo Branco","Avenida","Calungá","city_139"
cep_69303037,"br_rr","69303037","Amajari","Rua","Calungá","city_139"
cep_69303045,"br_rr","69303045","das Guianas","Avenida","Calungá","city_139"
cep_69301440,"br_rr","69301440","General Penha Brasil","Rua","Centro","city_139"
cep_69314408,"br_rr","69314408","Jericó","Rua","Nova Canaã","city_139"
cep_69314483,"br_rr","69314483","N-22","Rua","Doutor Sílvio Botelho","city_139"
cep_69314388,"br_rr","69314388","Joaquim Honorato de Souza","Rua","Nova Canaã","city_139"
cep_69314392,"br_rr","69314392","Murilo Teixeira Cidade","Rua","Nova Canaã","city_139"
cep_69314394,"br_rr","69314394","S-3","Travessa","Nova Canaã","city_139"
cep_69314396,"br_rr","69314396","S-3","Rua","Nova Canaã","city_139"
cep_69314398,"br_rr","69314398","S-4","Avenida","Nova Canaã","city_139"
cep_69314402,"br_rr","69314402","Calebe","Rua","Nova Canaã","city_139"
cep_69303445,"br_rr","69303445","Ville Roy","Avenida","São Vicente","city_139"
cep_69314406,"br_rr","69314406","Gideão","Rua","Nova Canaã","city_139"
cep_69314422,"br_rr","69314422","Carmelo","Rua","Nova Canaã","city_139"
cep_69314412,"br_rr","69314412","Midiã","Rua","Nova Canaã","city_139"
cep_69314414,"br_rr","69314414","S-1","Rua","Nova Canaã","city_139"
cep_69314473,"br_rr","69314473","N-19","Rua","Doutor Sílvio Botelho","city_139"
cep_69314418,"br_rr","69314418","Noemi","Rua","Nova Canaã","city_139"
cep_69314575,"br_rr","69314575","Olímpica","Avenida","Jardim Tropical","city_139"
cep_69314424,"br_rr","69314424","São Francisco","Avenida","Nova Canaã","city_139"
cep_69301365,"br_rr","69301365","Valério Magalhães","Rua","Centro","city_139"
cep_69314404,"br_rr","69314404","Eufrate","Rua","Nova Canaã","city_139"
cep_69314547,"br_rr","69314547","S-03","Rua","Doutor Sílvio Botelho","city_139"
cep_69315088,"br_rr","69315088","Z-3","Rua","Professora Araceli Souto Maior","city_139"
cep_69314497,"br_rr","69314497","Jerusalém","Rua","Doutor Sílvio Botelho","city_139"
cep_69314468,"br_rr","69314468","N-17","Rua","Doutor Sílvio Botelho","city_139"
cep_69314527,"br_rr","69314527","do Coentro","Travessa","Doutor Sílvio Botelho","city_139"
cep_69314530,"br_rr","69314530","do Coentro","Rua","Doutor Sílvio Botelho","city_139"
cep_69314533,"br_rr","69314533","Cândido Pereira","Rua","Doutor Sílvio Botelho","city_139"
cep_69314537,"br_rr","69314537","Carmelo","Rua","Doutor Sílvio Botelho","city_139"
cep_69314386,"br_rr","69314386","Nivaldo da Conceição Gutierrez","Rua","Nova Canaã","city_139"
cep_69314543,"br_rr","69314543","S-02","Rua","Doutor Sílvio Botelho","city_139"
cep_69314428,"br_rr","69314428","N-1","Rua","Nova Canaã","city_139"
cep_69314550,"br_rr","69314550","S-04","Avenida","Doutor Sílvio Botelho","city_139"
cep_69314553,"br_rr","69314553","S-05","Rua","Doutor Sílvio Botelho","city_139"
cep_69314557,"br_rr","69314557","S-06","Rua","Doutor Sílvio Botelho","city_139"
cep_69314560,"br_rr","69314560","S-07","Rua","Doutor Sílvio Botelho","city_139"
cep_69314563,"br_rr","69314563","S-08","Rua","Doutor Sílvio Botelho","city_139"
cep_69314567,"br_rr","69314567","S-09","Rua","Doutor Sílvio Botelho","city_139"
cep_69314517,"br_rr","69314517","Silo","Rua","Doutor Sílvio Botelho","city_139"
cep_69314540,"br_rr","69314540","S-01","Rua","Doutor Sílvio Botelho","city_139"
cep_69307260,"br_rr","69307260","Moisés de Souza Cruz","Rua","Paraviana","city_139"
cep_69307312,"br_rr","69307312","P-3","Travessa","Paraviana","city_139"
cep_69307230,"br_rr","69307230","Claudionor Freire","Rua","Paraviana","city_139"
cep_69307080,"br_rr","69307080","Pinheiro","Rua","Paraviana","city_139"
cep_69307240,"br_rr","69307240","Luiza Malaquias","Rua","Paraviana","city_139"
cep_69307241,"br_rr","69307241","Sibipiruna","Rua","Paraviana","city_139"
cep_69307242,"br_rr","69307242","Sucuba","Rua","Paraviana","city_139"
cep_69314015,"br_rr","69314015","Paraíba","Rua","Piscicultura","city_139"
cep_69307250,"br_rr","69307250","Anísio de Carvalho","Rua","Paraviana","city_139"
cep_69307190,"br_rr","69307190","Totinho Mota","Rua","Paraviana","city_139"
cep_69307270,"br_rr","69307270","Sucupira","Rua","Paraviana","city_139"
cep_69307272,"br_rr","69307272","Levindo Inácio de Oliveira","Rua","Paraviana","city_139"
cep_69307273,"br_rr","69307273","Deusdete Coelho","Rua","Paraviana","city_139"
cep_69307274,"br_rr","69307274","Severino Soares de Freitas","Rua","Paraviana","city_139"
cep_69307275,"br_rr","69307275","T-4","Rua","Paraviana","city_139"
cep_69307280,"br_rr","69307280","Zacaria Mendes Ribeiro","Rua","Paraviana","city_139"
cep_69307220,"br_rr","69307220","Darôra","Rua","Paraviana","city_139"
cep_69307243,"br_rr","69307243","Embauba","Rua","Paraviana","city_139"
cep_69307120,"br_rr","69307120","Guariguara","Rua","Paraviana","city_139"
cep_69307460,"br_rr","69307460","Desembargador do Francisco Murilo Pinto","Rua","Caçari","city_139"
cep_69307470,"br_rr","69307470","do Muricizeiro","Rua","Caçari","city_139"
cep_69307480,"br_rr","69307480","Uitizeiro","Rua","Caçari","city_139"
cep_69306394,"br_rr","69306394","Perimetral Norte","Rua","Nossa Senhora Aparecida","city_139"
cep_69307360,"br_rr","69307360","P-4","Rua","Paraviana","city_139"
cep_69307235,"br_rr","69307235","Arapari","Rua","Paraviana","city_139"
cep_69307500,"br_rr","69307500","Saputilheira","Rua","Caçari","city_139"
cep_69307210,"br_rr","69307210","Ministro Sérgio Mota","Rua","Paraviana","city_139"
cep_69307110,"br_rr","69307110","Peroba","Rua","Paraviana","city_139"
cep_69307200,"br_rr","69307200","Cerejeira","Rua","Paraviana","city_139"
cep_69307130,"br_rr","69307130","Caimbé","Rua","Paraviana","city_139"
cep_69307140,"br_rr","69307140","Mirixi","Rua","Paraviana","city_139"
cep_69307150,"br_rr","69307150","Freijó","Rua","Paraviana","city_139"
cep_69307160,"br_rr","69307160","Pau-rainha","Rua","Paraviana","city_139"
cep_69307170,"br_rr","69307170","Angelin","Rua","Paraviana","city_139"
cep_69307180,"br_rr","69307180","Caferana","Rua","Paraviana","city_139"
cep_69314134,"br_rr","69314134","Dourado","Rua","Santa Tereza","city_139"
cep_69307100,"br_rr","69307100","Angico","Rua","Paraviana","city_139"
cep_69314042,"br_rr","69314042","Flamboian","Rua","Piscicultura","city_139"
cep_69314115,"br_rr","69314115","Pacu","Rua","Santa Tereza","city_139"
cep_69314164,"br_rr","69314164","Lírio do Campo","Rua","Santa Tereza","city_139"
cep_69314166,"br_rr","69314166","Peixe Boto","Rua","Santa Tereza","city_139"
cep_69314168,"br_rr","69314168","Peixe Boto I","Rua","Santa Tereza","city_139"
cep_69314172,"br_rr","69314172","W-500","Rua","Santa Tereza","city_139"
cep_69314174,"br_rr","69314174","Tilápia","Travessa","Santa Tereza","city_139"
cep_69314182,"br_rr","69314182","Jaçanã","Rua","Jardim Primavera","city_139"
cep_69314155,"br_rr","69314155","das Hortências","Rua","Santa Tereza","city_139"
cep_69314137,"br_rr","69314137","Lambari","Rua","Santa Tereza","city_139"
cep_69306635,"br_rr","69306635","Acácio do Vale","Travessa","São Pedro","city_139"
cep_69313800,"br_rr","69313800","C","Travessa","União","city_139"
cep_69313802,"br_rr","69313802","D","Travessa","União","city_139"
cep_69313805,"br_rr","69313805","Y","Travessa","União","city_139"
cep_69314002,"br_rr","69314002","da Piscicultura","Rua","Piscicultura","city_139"
cep_69314005,"br_rr","69314005","Poraquê","Travessa","Piscicultura","city_139"
cep_69314008,"br_rr","69314008","Carlos Pereira de Melo","Avenida","Piscicultura","city_139"
cep_69314158,"br_rr","69314158","das Orquídeas","Rua","Santa Tereza","city_139"
cep_69314184,"br_rr","69314184","Flamboian","Rua","Jardim Primavera","city_139"
cep_69314108,"br_rr","69314108","Piaba","Rua","Santa Tereza","city_139"
cep_69307430,"br_rr","69307430","da Ingazeira","Rua","Caçari","city_139"
cep_69314132,"br_rr","69314132","Surubim","Rua","Santa Tereza","city_139"
cep_69314128,"br_rr","69314128","Jundiá","Rua","Santa Tereza","city_139"
cep_69314126,"br_rr","69314126","Curimatã","Rua","Santa Tereza","city_139"
cep_69314124,"br_rr","69314124","Acará-açu","Rua","Santa Tereza","city_139"
cep_69314142,"br_rr","69314142","Carlos Pereira de Melo","Avenida","Santa Tereza","city_139"
cep_69314117,"br_rr","69314117","Sardinha","Rua","Santa Tereza","city_139"
cep_69314162,"br_rr","69314162","Henrique de Oliveira Gomes","Rua","Santa Tereza","city_139"
cep_69314112,"br_rr","69314112","Pirarara","Rua","Santa Tereza","city_139"
cep_69314098,"br_rr","69314098","da Piscicultura","Rua","Santa Tereza","city_139"
cep_69314106,"br_rr","69314106","Aruanã","Rua","Santa Tereza","city_139"
cep_69314104,"br_rr","69314104","Pirapitinga","Rua","Santa Tereza","city_139"
cep_69303450,"br_rr","69303450","Professor Diomedes Souto Maior","Rua","São Vicente","city_139"
cep_69314122,"br_rr","69314122","Pescada","Rua","Santa Tereza","city_139"
cep_69314096,"br_rr","69314096","Traíra","Rua","Santa Tereza","city_139"
cep_69314146,"br_rr","69314146","Padre Anchieta","Avenida","Santa Tereza","city_139"
cep_69314148,"br_rr","69314148","Princesa Isabel","Avenida","Santa Tereza","city_139"
cep_69314144,"br_rr","69314144","General Ataíde Teive","Avenida","Santa Tereza","city_139"
cep_69306420,"br_rr","69306420","Maiogong","Rua","Nossa Senhora Aparecida","city_139"
cep_69307090,"br_rr","69307090","Aroeira","Rua","Paraviana","city_139"
cep_69306495,"br_rr","69306495","Ana Nery","Rua","Canarinho","city_139"
cep_69303440,"br_rr","69303440","Sizenando Diniz","Rua","São Vicente","city_139"
cep_69306396,"br_rr","69306396","Gonçalves Dias","Rua","Nossa Senhora Aparecida","city_139"
cep_69306397,"br_rr","69306397","Casemiro de Abreu","Rua","Nossa Senhora Aparecida","city_139"
cep_69306398,"br_rr","69306398","Projetada - A","Travessa","Nossa Senhora Aparecida","city_139"
cep_69306400,"br_rr","69306400","Jaricuna","Rua","Nossa Senhora Aparecida","city_139"
cep_69307060,"br_rr","69307060","Carnaúba","Rua","Paraviana","city_139"
cep_69306410,"br_rr","69306410","Uaicá","Rua","Nossa Senhora Aparecida","city_139"
cep_69307057,"br_rr","69307057","Anália Soares de Freitas","Avenida","Paraviana","city_139"
cep_69306430,"br_rr","69306430","Raimundo Aciole Cavalcante","Rua","Nossa Senhora Aparecida","city_139"
cep_69306440,"br_rr","69306440","Roberto Costa","Rua","Nossa Senhora Aparecida","city_139"
cep_69306450,"br_rr","69306450","João Pereira Caldas","Rua","Nossa Senhora Aparecida","city_139"
cep_69306460,"br_rr","69306460","Dom Aquino","Rua","Nossa Senhora Aparecida","city_139"
cep_69306482,"br_rr","69306482","Pedro Teixeira","Rua","Canarinho","city_139"
cep_69306598,"br_rr","69306598","Quinze de Novembro","Rua","Canarinho","city_139"
cep_69307450,"br_rr","69307450","do Cupuaçuzeiro","Rua","Caçari","city_139"
cep_69306405,"br_rr","69306405","Ville Roy","Avenida","Nossa Senhora Aparecida","city_139"
cep_69306720,"br_rr","69306720","Aurélio Brito","Rua","São Pedro","city_139"
cep_69306630,"br_rr","69306630","Rodrigues Coelho","Rua","São Pedro","city_139"
cep_69306620,"br_rr","69306620","Capitão Bessa","Rua","São Pedro","city_139"
cep_69306610,"br_rr","69306610","Melvim Jones","Rua","São Pedro","city_139"
cep_69307510,"br_rr","69307510","do Cajueiro","Rua","Caçari","city_139"
cep_69306660,"br_rr","69306660","Elias Madeira","Rua","São Pedro","city_139"
cep_69306590,"br_rr","69306590","José Fautino da Silva","Rua","Canarinho","city_139"
cep_69306705,"br_rr","69306705","Major Williams","Avenida","São Pedro","city_139"
cep_69306690,"br_rr","69306690","Nossa Senhora da Consolata","Avenida","São Pedro","city_139"
cep_69306715,"br_rr","69306715","Miguel Lupe Martins","Rua","São Pedro","city_139"
cep_69306502,"br_rr","69306502","Gonçalves Dias","Rua","Canarinho","city_139"
cep_69306725,"br_rr","69306725","Guanabara","Travessa","São Pedro","city_139"
cep_69306730,"br_rr","69306730","Rio de Janeiro","Travessa","São Pedro","city_139"
cep_69307050,"br_rr","69307050","Pau-Brasil","Rua","Paraviana","city_139"
cep_69307051,"br_rr","69307051","do Abacateiro","Rua","Paraviana","city_139"
cep_69307052,"br_rr","69307052","do Mamoeiro","Rua","Paraviana","city_139"
cep_69307053,"br_rr","69307053","Luis Canuto Chaves","Avenida","Paraviana","city_139"
cep_69307055,"br_rr","69307055","Olavo Brasil","Avenida","Paraviana","city_139"
cep_69306710,"br_rr","69306710","Acácio do Vale","Rua","São Pedro","city_139"
cep_69307290,"br_rr","69307290","Cupiúba","Rua","Paraviana","city_139"
cep_69306492,"br_rr","69306492","Perimetral Norte","Rua","Canarinho","city_139"
cep_69307330,"br_rr","69307330","da Gravioleira","Rua","Paraviana","city_139"
cep_69307380,"br_rr","69307380","P-6","Rua","Paraviana","city_139"
cep_69307325,"br_rr","69307325","P-7","Travessa","Paraviana","city_139"
cep_69307322,"br_rr","69307322","P-6","Travessa","Paraviana","city_139"
cep_69307317,"br_rr","69307317","P-5","Travessa","Paraviana","city_139"
cep_69307315,"br_rr","69307315","P-4","Travessa","Paraviana","city_139"
cep_69307340,"br_rr","69307340","P-2","Rua","Paraviana","city_139"
cep_69307337,"br_rr","69307337","Arieira","Rua","Paraviana","city_139"
cep_69307343,"br_rr","69307343","Rio de Janeiro","Avenida","Paraviana","city_139"
cep_69307383,"br_rr","69307383","Carvalho","Rua","Paraviana","city_139"
cep_69307385,"br_rr","69307385","Marupá","Travessa","Paraviana","city_139"
cep_69307390,"br_rr","69307390","Projetada I","Rua","Paraviana","city_139"
cep_69307400,"br_rr","69307400","P-8","Rua","Paraviana","city_139"
cep_69307410,"br_rr","69307410","da Jaqueira","Rua","Caçari","city_139"
cep_69307420,"br_rr","69307420","do Jambeiro","Rua","Caçari","city_139"
cep_69314018,"br_rr","69314018","Poraquê","Rua","Piscicultura","city_139"
cep_69307070,"br_rr","69307070","Araucária","Rua","Paraviana","city_139"
cep_69306570,"br_rr","69306570","Gonçalves Ledo","Rua","Canarinho","city_139"
cep_69306505,"br_rr","69306505","Casemiro de Abreu","Rua","Canarinho","city_139"
cep_69306520,"br_rr","69306520","Tenente Francisco","Rua","Canarinho","city_139"
cep_69306530,"br_rr","69306530","Sete de Setembro","Rua","Canarinho","city_139"
cep_69306535,"br_rr","69306535","Presidente Juscelino Kubitschek","Avenida","Canarinho","city_139"
cep_69306540,"br_rr","69306540","Vinte e Cinco de Agosto","Rua","Canarinho","city_139"
cep_69306545,"br_rr","69306545","Getulio Vargas","Avenida","Canarinho","city_139"
cep_69306550,"br_rr","69306550","Treze de Maio","Rua","Canarinho","city_139"
cep_69307370,"br_rr","69307370","P-5","Rua","Paraviana","city_139"
cep_69306560,"br_rr","69306560","Treze de Maio","Travessa","Canarinho","city_139"
cep_69307440,"br_rr","69307440","do Genipapeiro","Rua","Caçari","city_139"
cep_69306580,"br_rr","69306580","Canarinho","Alameda","Canarinho","city_139"
cep_69306485,"br_rr","69306485","Victor Hugo","Rua","Canarinho","city_139"
cep_69307327,"br_rr","69307327","P-8","Travessa","Paraviana","city_139"
cep_69307300,"br_rr","69307300","Massaranduba","Rua","Paraviana","city_139"
cep_69307350,"br_rr","69307350","P-3","Rua","Paraviana","city_139"
cep_69307347,"br_rr","69307347","Acre","Rua","Paraviana","city_139"
cep_69307345,"br_rr","69307345","Minas Gerais","Avenida","Paraviana","city_139"
cep_69306555,"br_rr","69306555","13 de Maio","Alameda","Canarinho","city_139"
cep_69313595,"br_rr","69313595","Cab Polícia Militar José Tabira Alencar Macêdo","Av.","Caranã","city_139"
cep_69313798,"br_rr","69313798","B","Travessa","União","city_139"
cep_69313560,"br_rr","69313560","Hitler Lucena","Rua","Caranã","city_139"
cep_69313518,"br_rr","69313518","Carlos Pereira de Melo","Avenida","Tancredo Neves","city_139"
cep_69313582,"br_rr","69313582","Moysés Teixeira Hausen","Rua","Caranã","city_139"
cep_69313585,"br_rr","69313585","Antônio Pinheiro Filho","Rua","Caranã","city_139"
cep_69313588,"br_rr","69313588","da Emília da silva Lavôr","Avenida","Caranã","city_139"
cep_69314012,"br_rr","69314012","das Cutias","Travessa","Piscicultura","city_139"
cep_69313592,"br_rr","69313592","Cícero Corrêa de Melo Filho","Rua","Caranã","city_139"
cep_69313530,"br_rr","69313530","América Sarmento Ribeiro","Rua","Tancredo Neves","city_139"
cep_69313598,"br_rr","69313598","P","Rua","Caranã","city_139"
cep_69313600,"br_rr","69313600","Rui Baraúna","Avenida","Caranã","city_139"
cep_69313602,"br_rr","69313602","Soldado-Polícia Militar Wilson P. da Silva","Rua","Caranã","city_139"
cep_69313605,"br_rr","69313605","6","Rua","Caranã","city_139"
cep_69313608,"br_rr","69313608","Soldado-Polícia Militar Alfredo Jorge Filho","Rua","Caranã","city_139"
cep_69313610,"br_rr","69313610","Deco Fonteles","Rua","Caranã","city_139"
cep_69313612,"br_rr","69313612","Joca Farias","Rua","Caranã","city_139"
cep_69313590,"br_rr","69313590","Doutor Zamenhof","Rua","Caranã","city_139"
cep_69313568,"br_rr","69313568","Cabo-Polícia Militar Laurindo de Araújo Braga","Rua","Caranã","city_139"
cep_69314252,"br_rr","69314252","Sargitário","Rua","Jardim Primavera","city_139"
cep_69314254,"br_rr","69314254","Ursa Maior","Rua","Jardim Primavera","city_139"
cep_69314256,"br_rr","69314256","W-500","Rua","Jardim Primavera","city_139"
cep_69314258,"br_rr","69314258","das Cutias","Travessa","Jardim Primavera","city_139"
cep_69314224,"br_rr","69314224","Cruzeiro do sul","Rua","Jardim Primavera","city_139"
cep_69313535,"br_rr","69313535","Latino","Rua","Tancredo Neves","city_139"
cep_69313520,"br_rr","69313520","General Ataíde Teive","Avenida","Tancredo Neves","city_139"
cep_69313525,"br_rr","69313525","Nossa Senhora de Nazaré","Avenida","Tancredo Neves","city_139"
cep_69313570,"br_rr","69313570","Sold.Polícia Militar Harison Rodrigues de Lira","Av.","Caranã","city_139"
cep_69313528,"br_rr","69313528","Princesa Isabel","Avenida","Tancredo Neves","city_139"
cep_69313565,"br_rr","69313565","Soldado-Polícia Militar João Alves Brasil","Avenida","Caranã","city_139"
cep_69313562,"br_rr","69313562","Raimundo Alves Soares","Rua","Caranã","city_139"
cep_69313578,"br_rr","69313578","Soldado-Polícia Militar Django da Silva","Rua","Caranã","city_139"
cep_69313538,"br_rr","69313538","Júlio Pinto","Travessa","Tancredo Neves","city_139"
cep_69313580,"br_rr","69313580","Soldado-Polícia Militar Arineu Ferreira Lima","Rua","Caranã","city_139"
cep_69313532,"br_rr","69313532","Júlio Pinto","Rua","Tancredo Neves","city_139"
cep_69309015,"br_rr","69309015","dos Bandeirantes","Avenida","Liberdade","city_139"
cep_69313572,"br_rr","69313572","Soldado-PM Jacinto José de S. da Silva","Rua","Caranã","city_139"
cep_69313475,"br_rr","69313475","Cambará","Travessa","Cambará","city_139"
cep_69313575,"br_rr","69313575","Soldado-Polícia Militar Gudivaldo R de Peixoto","Rua","Caranã","city_139"
cep_69313492,"br_rr","69313492","Horácio Mardel de Magalhães","Rua","Tancredo Neves","city_139"
cep_69313495,"br_rr","69313495","São Sebastião","Avenida","Tancredo Neves","city_139"
cep_69313498,"br_rr","69313498","Francisco Custódio de Andrade","Rua","Tancredo Neves","city_139"
cep_69313500,"br_rr","69313500","João Evangelista Pereira de Melo","Rua","Tancredo Neves","city_139"
cep_69313502,"br_rr","69313502","Lourival Silva","Rua","Tancredo Neves","city_139"
cep_69313505,"br_rr","69313505","Alcides Lima","Rua","Tancredo Neves","city_139"
cep_69313488,"br_rr","69313488","Moacir da Silva Mota","Rua","Tancredo Neves","city_139"
cep_69313512,"br_rr","69313512","Ruth Pinheiro","Rua","Tancredo Neves","city_139"
cep_69313485,"br_rr","69313485","Belarmino Fernandes Magalhães","Rua","Tancredo Neves","city_139"
cep_69313725,"br_rr","69313725","Sabá Cunha","Avenida","Jardim Caranã","city_139"
cep_69313710,"br_rr","69313710","Jurupaí","Rua","Jardim Caranã","city_139"
cep_69313752,"br_rr","69313752","João Aprígio da Silva","Rua","União","city_139"
cep_69313750,"br_rr","69313750","Cabo-Polícia Militar Laurindo de Araújo Braga","Rua","União","city_139"
cep_69313748,"br_rr","69313748","Rui Baraúna","Avenida","União","city_139"
cep_69313745,"br_rr","69313745","Cab Polícia Militar José Tabira Alencar Macêdo","Av.","União","city_139"
cep_69313742,"br_rr","69313742","Carlos Pereira de Melo","Avenida","União","city_139"
cep_69313508,"br_rr","69313508","Leôncio Barbosa","Rua","Tancredo Neves","city_139"
cep_69313465,"br_rr","69313465","Noemi","Rua","Cambará","city_139"
cep_69314244,"br_rr","69314244","Matrinxã","Rua","Jardim Primavera","city_139"
cep_69313445,"br_rr","69313445","Felipe Xaud","Rua","Cambará","city_139"
cep_69313448,"br_rr","69313448","Gideão","Rua","Cambará","city_139"
cep_69313450,"br_rr","69313450","Hebron","Rua","Cambará","city_139"
cep_69313452,"br_rr","69313452","Jafet","Rua","Cambará","city_139"
cep_69313455,"br_rr","69313455","José Aleixo","Rua","Cambará","city_139"
cep_69313458,"br_rr","69313458","José Francisco","Rua","Cambará","city_139"
cep_69313490,"br_rr","69313490","Francisco Inácio de Souza","Rua","Tancredo Neves","city_139"
cep_69313462,"br_rr","69313462","Nivaldo da Conceição Gutierrez","Rua","Cambará","city_139"
cep_69313480,"br_rr","69313480","Lindolfo Bernardo Coutinho","Rua","Tancredo Neves","city_139"
cep_69313468,"br_rr","69313468","Pedro Praça","Rua","Cambará","city_139"
cep_69313470,"br_rr","69313470","Queila","Rua","Cambará","city_139"
cep_69313472,"br_rr","69313472","Vicente Figueira de Melo","Rua","Cambará","city_139"
cep_69313522,"br_rr","69313522","Mário Homem de Melo","Avenida","Tancredo Neves","city_139"
cep_69313478,"br_rr","69313478","Gideão","Travessa","Cambará","city_139"
cep_69313620,"br_rr","69313620","18","Rua","Caranã","city_139"
cep_69313482,"br_rr","69313482","Maria Rodrigues dos Santos","Rua","Tancredo Neves","city_139"
cep_69313460,"br_rr","69313460","Manoel Felipe","Rua","Cambará","city_139"
cep_69314304,"br_rr","69314304","Mário Homem de Melo","Avenida","Doutor Sílvio Leite","city_139"
cep_69314262,"br_rr","69314262","das Muzendras","Travessa","Jardim Primavera","city_139"
cep_69314302,"br_rr","69314302","Z-4","Rua","Doutor Sílvio Leite","city_139"
cep_69314264,"br_rr","69314264","Fênix","Travessa","Jardim Primavera","city_139"
cep_69314318,"br_rr","69314318","dos Tatus","Alameda","Doutor Sílvio Leite","city_139"
cep_69314316,"br_rr","69314316","Padre Anchieta","Avenida","Doutor Sílvio Leite","city_139"
cep_69314314,"br_rr","69314314","Cruzeiro do Sul","Rua","Doutor Sílvio Leite","city_139"
cep_69314312,"br_rr","69314312","Z-1","Rua","Doutor Sílvio Leite","city_139"
cep_69314094,"br_rr","69314094","Tucunaré","Rua","Santa Tereza","city_139"
cep_69314324,"br_rr","69314324","C-25","Rua","Doutor Sílvio Leite","city_139"
cep_69314092,"br_rr","69314092","Piraíba","Rua","Santa Tereza","city_139"
cep_69314326,"br_rr","69314326","C-26","Rua","Doutor Sílvio Leite","city_139"
cep_69314298,"br_rr","69314298","Francisco Anacleto da Silva","Rua","Doutor Sílvio Leite","city_139"
cep_69314296,"br_rr","69314296","Z-6","Rua","Doutor Sílvio Leite","city_139"
cep_69314294,"br_rr","69314294","dos Macuxis","Travessa","Doutor Sílvio Leite","city_139"
cep_69314292,"br_rr","69314292","General Ataíde Teive","Avenida","Doutor Sílvio Leite","city_139"
cep_69314186,"br_rr","69314186","das Acácias","Rua","Jardim Primavera","city_139"
cep_69314248,"br_rr","69314248","Poraquê","Rua","Jardim Primavera","city_139"
cep_69314308,"br_rr","69314308","Z-2","Rua","Doutor Sílvio Leite","city_139"
cep_69314068,"br_rr","69314068","Peixe Agulha","Rua","Santa Tereza","city_139"
cep_69314022,"br_rr","69314022","Acari","Rua","Piscicultura","city_139"
cep_69314025,"br_rr","69314025","Pirapitinga","Rua","Piscicultura","city_139"
cep_69314028,"br_rr","69314028","Aruanã","Rua","Piscicultura","city_139"
cep_69314032,"br_rr","69314032","Piaba","Rua","Piscicultura","city_139"
cep_69314102,"br_rr","69314102","Acari","Rua","Santa Tereza","city_139"
cep_69314038,"br_rr","69314038","Pacu","Rua","Piscicultura","city_139"
cep_69314192,"br_rr","69314192","Aldebarã","Rua","Jardim Primavera","city_139"
cep_69314035,"br_rr","69314035","Pirarara","Rua","Piscicultura","city_139"
cep_69314065,"br_rr","69314065","Tambaqui","Rua","Santa Tereza","city_139"
cep_69314328,"br_rr","69314328","C-27","Rua","Doutor Sílvio Leite","city_139"
cep_69314072,"br_rr","69314072","Pirandirá","Rua","Santa Tereza","city_139"
cep_69314074,"br_rr","69314074","Peixe Boi","Rua","Santa Tereza","city_139"
cep_69314076,"br_rr","69314076","Peixe Espada","Rua","Santa Tereza","city_139"
cep_69314078,"br_rr","69314078","Tilápia","Rua","Santa Tereza","city_139"
cep_69314082,"br_rr","69314082","Matrinxã","Rua","Santa Tereza","city_139"
cep_69314085,"br_rr","69314085","Mandi","Rua","Santa Tereza","city_139"
cep_69314087,"br_rr","69314087","Poraquê","Rua","Santa Tereza","city_139"
cep_69314062,"br_rr","69314062","Jaraqui","Rua","Santa Tereza","city_139"
cep_69314226,"br_rr","69314226","Curimatã","Rua","Jardim Primavera","city_139"
cep_69314306,"br_rr","69314306","Z-3","Rua","Doutor Sílvio Leite","city_139"
cep_69314206,"br_rr","69314206","das Orquídeas","Rua","Jardim Primavera","city_139"
cep_69314208,"br_rr","69314208","das Hortências","Rua","Jardim Primavera","city_139"
cep_69314212,"br_rr","69314212","General Ataíde Teive","Avenida","Jardim Primavera","city_139"
cep_69314214,"br_rr","69314214","Padre Anchieta","Avenida","Jardim Primavera","city_139"
cep_69314216,"br_rr","69314216","Parque Caranã","Avenida","Jardim Primavera","city_139"
cep_69314218,"br_rr","69314218","Capricórnio","Rua","Jardim Primavera","city_139"
cep_69314202,"br_rr","69314202","Águia","Rua","Jardim Primavera","city_139"
cep_69314266,"br_rr","69314266","Matrinxã","Travessa","Jardim Primavera","city_139"
cep_69314198,"br_rr","69314198","Cisne","Rua","Jardim Primavera","city_139"
cep_69314188,"br_rr","69314188","das Muzendras","Rua","Jardim Primavera","city_139"
cep_69314232,"br_rr","69314232","das Cutias","Rua","Jardim Primavera","city_139"
cep_69314234,"br_rr","69314234","dos Tamanduás","Rua","Jardim Primavera","city_139"
cep_69314236,"br_rr","69314236","Estrela D'alva","Rua","Jardim Primavera","city_139"
cep_69314238,"br_rr","69314238","Fênix","Rua","Jardim Primavera","city_139"
cep_69314242,"br_rr","69314242","Hércules","Rua","Jardim Primavera","city_139"
cep_69313758,"br_rr","69313758","05","Rua","União","city_139"
cep_69314222,"br_rr","69314222","Centauro","Rua","Jardim Primavera","city_139"
cep_69314354,"br_rr","69314354","C-36","Rua","Doutor Sílvio Leite","city_139"
cep_69314332,"br_rr","69314332","C-28","Rua","Doutor Sílvio Leite","city_139"
cep_69314334,"br_rr","69314334","C-29","Rua","Doutor Sílvio Leite","city_139"
cep_69314336,"br_rr","69314336","Maria Santa da Silva","Rua","Doutor Sílvio Leite","city_139"
cep_69314338,"br_rr","69314338","C-31","Rua","Doutor Sílvio Leite","city_139"
cep_69314342,"br_rr","69314342","São Joaquim","Avenida","Doutor Sílvio Leite","city_139"
cep_69314344,"br_rr","69314344","C-32","Rua","Doutor Sílvio Leite","city_139"
cep_69314346,"br_rr","69314346","Joaquim Honorato de Souza","Rua","Doutor Sílvio Leite","city_139"
cep_69314204,"br_rr","69314204","Lírio do Campo","Rua","Jardim Primavera","city_139"
cep_69314352,"br_rr","69314352","C-35","Rua","Doutor Sílvio Leite","city_139"
cep_69314246,"br_rr","69314246","Ouro Verde","Rua","Jardim Primavera","city_139"
cep_69314356,"br_rr","69314356","C-37","Rua","Doutor Sílvio Leite","city_139"
cep_69314358,"br_rr","69314358","C-38","Rua","Doutor Sílvio Leite","city_139"
cep_69314322,"br_rr","69314322","C-24","Rua","Doutor Sílvio Leite","city_139"
cep_69314228,"br_rr","69314228","Piscicultura","Rua","Jardim Primavera","city_139"
cep_69313792,"br_rr","69313792","Y","Rua","União","city_139"
cep_69314194,"br_rr","69314194","das Margaridas","Rua","Jardim Primavera","city_139"
cep_69314196,"br_rr","69314196","Antares","Rua","Jardim Primavera","city_139"
cep_69314348,"br_rr","69314348","Murilo Teixeira Cidade","Rua","Doutor Sílvio Leite","city_139"
